)O+_06 Big-body initial data  (WARNING: Do not delete this line!!)
) Lines beginning with `)' are ignored.
)---------------------------------------------------------------------
 style (Cartesian, Asteroidal, Cometary) = Cartesian
)---------------------------------------------------------------------
 BODY2      m=0.0000000100000000 r=0.000006
 0.4833502759612048 -0.0140290941448719 -0.0002621683468421
 0.0007177197843226 0.0247277336894228 0.0000089709415875
 0. 0. 0.
 BODY3      m=0.0000000100000000 r=0.000007
 0.0627364784824415 0.5213101236664516 -0.0003587399880190
 -0.0235699049562301 0.0028364758754302 -0.0000257727675002
 0. 0. 0.
 BODY4      m=0.0000000100000000 r=0.000006
 -0.2282743452618642 0.3428826879310077 0.0004797341952181
 -0.0223108738665130 -0.0148534516835362 -0.0000181054303423
 0. 0. 0.
 BODY5      m=0.0000000100000000 r=0.000006
 0.3098195538969641 0.2760768381356350 -0.0000903414291297
 -0.0177656411846920 0.0199369721207597 -0.0000752859151404
 0. 0. 0.
 BODY6      m=0.0000000100000000 r=0.000008
 0.2339714615886982 0.5509119901637887 -0.0017156526778126
 -0.0204659633472855 0.0086920128573653 0.0000482292228039
 0. 0. 0.
 BODY7      m=0.0000000100000000 r=0.000007
 0.2577099826077483 -0.4551555361467312 -0.0010501707025958
 0.0206983043390397 0.0117193213646081 0.0000434712563078
 0. 0. 0.
 BODY8      m=0.0000000100000000 r=0.000007
 0.0460622772587441 0.5366307100862163 -0.0002658935576814
 -0.0233539734123627 0.0020046097557266 -0.0000076788330942
 0. 0. 0.
 BODY9      m=0.0000000100000000 r=0.000006
 -0.3518200077048978 0.2943724296526271 0.0002669142229988
 -0.0162985903715763 -0.0194793630194123 0.0000645525847763
 0. 0. 0.
 BODY10      m=0.0000000100000000 r=0.000006
 -0.3078859735934038 -0.3508046614871460 -0.0008553261926098
 0.0189245325719770 -0.0166092201403972 -0.0000073501849148
 0. 0. 0.
 BODY11      m=0.0000000100000000 r=0.000008
 0.2496825733340980 -0.5162146268122536 0.0000923943331150
 0.0204504068709299 0.0098914423795517 -0.0000322169964210
 0. 0. 0.
 BODY12      m=0.0000000100000000 r=0.000006
 -0.1180506320897254 -0.4261050093288080 0.0003800495932105
 0.0249312332628955 -0.0069070885036169 0.0000074574284067
 0. 0. 0.
 BODY13      m=0.0000000100000000 r=0.000006
 0.2960834751094397 -0.3644972869193794 0.0011474962116408
 0.0194841122451698 0.0158275015007479 0.0001374233406192
 0. 0. 0.
 BODY14      m=0.0000000100000000 r=0.000006
 -0.1474530355611134 -0.4042238339712840 -0.0000252379055376
 0.0246369180721772 -0.0089870672501554 -0.0000624694229476
 0. 0. 0.
 BODY15      m=0.0000000100000000 r=0.000007
 0.1189262271680621 0.4740788360635287 0.0012702202071026
 -0.0238663155668952 0.0059870084257446 0.0000132896592161
 0. 0. 0.
 BODY16      m=0.0000000100000000 r=0.000008
 0.4947589108923702 -0.2679466349754377 0.0006856993042626
 0.0109212889187293 0.0201659365597572 -0.0000148296145125
 0. 0. 0.
 BODY17      m=0.0000000100000000 r=0.000008
 -0.2356182768951413 -0.5408280317853021 -0.0018077605683346
 0.0205330410983421 -0.0089454505928574 -0.0000051585596613
 0. 0. 0.
 BODY18      m=0.0000000100000000 r=0.000008
 -0.0180113996395823 0.5710483859684347 -0.0024883723280372
 -0.0227470818173396 -0.0007171839018251 0.0000643278599387
 0. 0. 0.
 BODY19      m=0.0000000100000000 r=0.000007
 -0.4329785687946917 -0.2458078835954800 0.0008513324527293
 0.0120362244466724 -0.0212009731713307 0.0000715222382851
 0. 0. 0.
 BODY20      m=0.0000000100000000 r=0.000008
 0.5436869624663198 -0.2154134887315596 -0.0029116288227960
 0.0082862542693451 0.0209127919249334 0.0000793185776014
 0. 0. 0.
 BODY21      m=0.0000000100000000 r=0.000005
 0.3220325993049760 0.2505012002935971 0.0021044188678928
 -0.0165351575063405 0.0212576761971314 -0.0001015250116200
 0. 0. 0.
 BODY22      m=0.0000000100000000 r=0.000006
 0.1104707644908582 -0.4230773162937267 -0.0000549859433154
 0.0251707446108963 0.0065723903334522 0.0000388473478064
 0. 0. 0.
 BODY23      m=0.0000000100000000 r=0.000007
 0.4206225536214573 0.3232171592705450 -0.0005895651129247
 -0.0143911868825081 0.0187282474764336 0.0000562639880301
 0. 0. 0.
 BODY24      m=0.0000000100000000 r=0.000008
 0.1498714655514204 -0.5425858036028672 -0.0012682478210437
 0.0221007075660451 0.0061045796439469 0.0000056620463016
 0. 0. 0.
 BODY25      m=0.0000000100000000 r=0.000007
 0.4468971182257053 -0.2629028228676724 0.0002482125558084
 0.0121135145704210 0.0205912570189288 0.0000195137747947
 0. 0. 0.
 BODY26      m=0.0000000100000000 r=0.000007
 -0.5086715644140477 -0.0202340736266731 0.0002051999911130
 0.0009583178607573 -0.0240910130448644 0.0000473379476296
 0. 0. 0.
 BODY27      m=0.0000000100000000 r=0.000007
 -0.0379543189587895 0.5372348138143020 -0.0006889687450539
 -0.0233822056967450 -0.0016519258636182 -0.0000237903413840
 0. 0. 0.
 BODY28      m=0.0000000100000000 r=0.000006
 0.4734635566592005 -0.0712638990731266 -0.0012235300657459
 0.0037003964859694 0.0245836922005720 0.0000597627078722
 0. 0. 0.
 BODY29      m=0.0000000100000000 r=0.000008
 0.0158572664296735 0.5726342057936260 0.0005943144782603
 -0.0227196209611088 0.0006291642410983 -0.0000166288286015
 0. 0. 0.
 BODY30      m=0.0000000100000000 r=0.000006
 0.2138829147310945 -0.3871175620270056 0.0000526432568849
 0.0226409839761271 0.0125091769380270 0.0000462361097313
 0. 0. 0.
 BODY31      m=0.0000000100000000 r=0.000006
 0.3835121747450614 -0.2029812796684580 -0.0002785850753414
 0.0122162300469267 0.0230813103466131 -0.0000034391559817
 0. 0. 0.
 BODY32      m=0.0000000100000000 r=0.000006
 -0.0899439062063723 -0.4056517428796522 -0.0007219641604666
 0.0260540329796890 -0.0057771019498043 0.0001246268355384
 0. 0. 0.
 BODY33      m=0.0000000100000000 r=0.000006
 0.3461714801598884 0.2994813827629854 -0.0010263343529891
 -0.0166352199748969 0.0192289663984290 0.0000767046419672
 0. 0. 0.
 BODY34      m=0.0000000100000000 r=0.000007
 0.1210958181697369 0.4797919543254869 -0.0005505885723773
 -0.0237108197737621 0.0059844960485482 0.0000580012168818
 0. 0. 0.
 BODY35      m=0.0000000100000000 r=0.000007
 -0.0998867733746636 -0.4809553439984287 -0.0034162105218531
 0.0240310813392129 -0.0049914144485462 0.0000761889407975
 0. 0. 0.
 BODY36      m=0.0000000100000000 r=0.000007
 -0.0723869816729827 -0.5260105952890854 0.0004480664591879
 0.0233873764787251 -0.0032184455815767 0.0000114185604203
 0. 0. 0.
 BODY37      m=0.0000000100000000 r=0.000005
 -0.2975293828218598 0.2713827255380973 0.0009708012345996
 -0.0182679602981976 -0.0200278251970234 -0.0000506430836963
 0. 0. 0.
 BODY38      m=0.0000000100000000 r=0.000007
 0.2526512857863266 -0.4149053406678959 0.0004795738554859
 0.0210804756099843 0.0128367752629896 0.0000778727148539
 0. 0. 0.
 BODY39      m=0.0000000100000000 r=0.000007
 0.1706299229164925 0.4916186095794712 -0.0014682146394849
 -0.0225281555392570 0.0078191103150422 0.0000290816575743
 0. 0. 0.
 BODY40      m=0.0000000100000000 r=0.000008
 0.3839432238207769 -0.4585491830545622 -0.0019076979644812
 0.0170551378836476 0.0142800412516276 0.0000541866889544
 0. 0. 0.
 BODY41      m=0.0000000100000000 r=0.000006
 0.0628535756415208 0.4560223044673347 0.0006049340076577
 -0.0251169374788296 0.0034618728666957 -0.0000031618895646
 0. 0. 0.
 BODY42      m=0.0000000100000000 r=0.000007
 0.4536588682720186 0.2250197552745654 0.0000881599966323
 -0.0107415731493592 0.0216558832823819 0.0000948496322422
 0. 0. 0.
 BODY43      m=0.0000000100000000 r=0.000008
 -0.5306742910063255 -0.2691301092413705 0.0012450401789902
 0.0100867189574252 -0.0198894087964575 -0.0000613079212227
 0. 0. 0.
 BODY44      m=0.0000000100000000 r=0.000006
 0.3053392445780084 -0.3516067688624605 0.0023930332312756
 0.0190332403993309 0.0165284266278105 -0.0000370092723608
 0. 0. 0.
 BODY45      m=0.0000000100000000 r=0.000006
 0.3823550518973517 -0.2735658557421460 0.0001628600559507
 0.0145984675763798 0.0204038245214776 -0.0000498106048622
 0. 0. 0.
 BODY46      m=0.0000000100000000 r=0.000007
 -0.4082636312823288 -0.3410202113407604 0.0004081958056331
 0.0151202842570838 -0.0181017368476044 0.0000098761749973
 0. 0. 0.
 BODY47      m=0.0000000100000000 r=0.000008
 -0.2935784330119482 0.4924455186040658 -0.0011132267717305
 -0.0195144494740606 -0.0116338485057201 -0.0000135310031350
 0. 0. 0.
 BODY48      m=0.0000000100000000 r=0.000006
 0.2219648012240069 0.4201394570713621 -0.0001117711563742
 -0.0220653602966980 0.0116573977419872 -0.0000049566388881
 0. 0. 0.
 BODY49      m=0.0000000100000000 r=0.000007
 0.5375055271699852 -0.0478938128178039 -0.0004927387307748
 0.0020783162890858 0.0233250087449780 -0.0000347247202400
 0. 0. 0.
 BODY50      m=0.0000000100000000 r=0.000006
 -0.1198919401631877 -0.4160733518455293 -0.0002218971590983
 0.0251202528308547 -0.0072384252051316 -0.0000000545239059
 0. 0. 0.
 BODY51      m=0.0000000100000000 r=0.000007
 -0.4022995681446945 0.3708515468751423 -0.0011614271793221
 -0.0157624410476491 -0.0170992479497840 -0.0000510804332649
 0. 0. 0.
 BODY52      m=0.0000000100000000 r=0.000008
 -0.5072636674482344 -0.2722021541820159 -0.0017466124481398
 0.0107201075892416 -0.0199778280321733 0.0000496590283559
 0. 0. 0.
 BODY53      m=0.0000000100000000 r=0.000006
 0.0034385317653611 0.4470691357331711 0.0002715241760639
 -0.0257265256909319 0.0001978240595189 0.0000752952632532
 0. 0. 0.
 BODY54      m=0.0000000100000000 r=0.000007
 0.3534647768491925 0.4162106751484175 0.0002899147660781
 -0.0177441968106758 0.0150691652140187 0.0000039266848279
 0. 0. 0.
 BODY55      m=0.0000000100000000 r=0.000006
 0.3329301496188415 0.2453919826067370 -0.0002762711232854
 -0.0158703801666428 0.0215318520686013 0.0000572804010969
 0. 0. 0.
 BODY56      m=0.0000000100000000 r=0.000007
 -0.4534491989537279 0.2347634255784355 0.0018127437804460
 -0.0110681021303515 -0.0213783445264177 0.0000172938239996
 0. 0. 0.
 BODY57      m=0.0000000100000000 r=0.000008
 -0.5199877536272720 0.2263076401455352 0.0005069048353066
 -0.0091159100819123 -0.0209455965248504 -0.0000258130944571
 0. 0. 0.
 BODY58      m=0.0000000100000000 r=0.000007
 0.2746664368752473 -0.4238937314334369 -0.0015421113323981
 0.0203131899565062 0.0131620815720067 0.0000179208425844
 0. 0. 0.
 BODY59      m=0.0000000100000000 r=0.000006
 -0.1068474042554613 -0.4302786643162719 0.0015760026710870
 0.0250735051442508 -0.0062267901590756 -0.0001370634578057
 0. 0. 0.
 BODY60      m=0.0000000100000000 r=0.000008
 -0.5864139034539871 0.0259047192131015 0.0000017255952526
 -0.0009908938749302 -0.0224312004677319 0.0000026790136576
 0. 0. 0.
 BODY61      m=0.0000000100000000 r=0.000008
 -0.5565346689496886 0.1679868003225949 -0.0001460837377485
 -0.0065196633177932 -0.0215994204979734 0.0000077212881555
 0. 0. 0.
 BODY62      m=0.0000000100000000 r=0.000008
 -0.0821458259226088 0.5847967823209826 -0.0000434573278003
 -0.0221678075752587 -0.0031138905625214 -0.0000073474173630
 0. 0. 0.
 BODY63      m=0.0000000100000000 r=0.000005
 -0.4028148597756943 0.0293367849126771 -0.0016637405168614
 -0.0019663447545876 -0.0269967279237511 0.0000454915558895
 0. 0. 0.
 BODY64      m=0.0000000100000000 r=0.000007
 -0.3110337925189509 0.4295792085208753 -0.0009892466075700
 -0.0191327887571430 -0.0138528443330631 0.0000504871460641
 0. 0. 0.
 BODY65      m=0.0000000100000000 r=0.000008
 0.2410771025357654 -0.5068998931648601 0.0015928429908320
 0.0207352649043073 0.0098615631109102 0.0000173927481362
 0. 0. 0.
 BODY66      m=0.0000000100000000 r=0.000006
 0.3961019515490560 0.2225453019558590 0.0017378650123771
 -0.0125008279489278 0.0222497847854458 0.0000099392181046
 0. 0. 0.
 BODY67      m=0.0000000100000000 r=0.000007
 -0.1348083835103280 0.5240865919697488 -0.0010976327490684
 -0.0226474566851106 -0.0058254659653070 0.0000167833425662
 0. 0. 0.
 BODY68      m=0.0000000100000000 r=0.000006
 0.4546850887990974 -0.1420355211150606 0.0002866816665008
 0.0074317770963292 0.0237906506944487 -0.0000026507699947
 0. 0. 0.
 BODY69      m=0.0000000100000000 r=0.000007
 -0.5318832473044763 0.1043291625996775 0.0000117697150049
 -0.0044975278329441 -0.0229289649334520 0.0000001831668230
 0. 0. 0.
 BODY70      m=0.0000000100000000 r=0.000007
 0.0734585818692801 -0.5057531238248144 -0.0015384358716787
 0.0238132562083761 0.0034586269197041 0.0000498311132797
 0. 0. 0.
 BODY71      m=0.0000000100000000 r=0.000007
 0.4999346695205348 0.2046591634894650 0.0021094826005313
 -0.0088670813174304 0.0216603364742458 -0.0000118397175854
 0. 0. 0.
 BODY72      m=0.0000000100000000 r=0.000007
 0.0082116123064521 0.5312868068140603 0.0000607998980250
 -0.0235964845528625 0.0003647083602928 0.0000072826595478
 0. 0. 0.
 BODY73      m=0.0000000100000000 r=0.000005
 0.2282332624978470 0.3334527867400918 0.0009133459556598
 -0.0223316900616459 0.0152849933205693 0.0000118923312623
 0. 0. 0.
 BODY74      m=0.0000000100000000 r=0.000006
 -0.2776831979974674 0.3820907601554240 0.0003292338613397
 -0.0202473352298496 -0.0147145146062280 -0.0001965968488252
 0. 0. 0.
 BODY75      m=0.0000000100000000 r=0.000006
 -0.2461613723281686 0.3355046904640160 -0.0004948495860280
 -0.0215008084448341 -0.0157752054450845 0.0000264587189209
 0. 0. 0.
 BODY76      m=0.0000000100000000 r=0.000007
 -0.3083092222886636 0.4008958347269086 0.0000023524903945
 -0.0191748205918531 -0.0147464091150369 -0.0000139433836571
 0. 0. 0.
 BODY77      m=0.0000000100000000 r=0.000008
 0.0965001374538588 0.5793615932787356 -0.0013422699082603
 -0.0221411820125826 0.0036878797319102 -0.0000083666520352
 0. 0. 0.
 BODY78      m=0.0000000100000000 r=0.000006
 -0.3240636747926774 -0.2574913472460253 0.0008901115139416
 0.0166339546831513 -0.0209346567130435 -0.0000364900545905
 0. 0. 0.
 BODY79      m=0.0000000100000000 r=0.000007
 -0.2769931260761808 0.4794878622698376 0.0029983670478502
 -0.0200164834988743 -0.0115639132369813 0.0001092928461765
 0. 0. 0.
 BODY80      m=0.0000000100000000 r=0.000008
 0.4161984118439643 -0.3890921377259252 0.0001271735815564
 0.0155638438245164 0.0166481040249825 -0.0000054868880700
 0. 0. 0.
 BODY81      m=0.0000000100000000 r=0.000008
 0.5304377169309890 0.1942289515403695 -0.0008311321908652
 -0.0078699533775322 0.0214925731326487 -0.0000483153858166
 0. 0. 0.
 BODY82      m=0.0000000100000000 r=0.000006
 -0.0574609042707986 0.4607861706523440 0.0002799407278462
 -0.0250502925760895 -0.0031237859234942 -0.0000539758744220
 0. 0. 0.
 BODY83      m=0.0000000100000000 r=0.000007
 -0.5174235890643080 0.1009935345497402 -0.0000125083171040
 -0.0045387385889830 -0.0232534749387166 -0.0000171156953545
 0. 0. 0.
 BODY84      m=0.0000000100000000 r=0.000007
 -0.3906380624810890 -0.3106000468555143 -0.0001833678381258
 0.0151547732247030 -0.0190599822599342 0.0000007262045868
 0. 0. 0.
 BODY85      m=0.0000000100000000 r=0.000006
 -0.4377243419023358 0.1649108435272158 -0.0010256466796000
 -0.0088676549554311 -0.0235372674958572 0.0000368474995464
 0. 0. 0.
 BODY86      m=0.0000000100000000 r=0.000006
 -0.4179903491139432 0.0308080464139376 0.0000250450206373
 -0.0019531679587299 -0.0264997523794721 0.0000097551111627
 0. 0. 0.
 BODY87      m=0.0000000100000000 r=0.000005
 0.4079336920389249 0.0249634729520327 -0.0008831320400293
 -0.0016435913734250 0.0268581970069510 -0.0000027432378128
 0. 0. 0.
 BODY88      m=0.0000000100000000 r=0.000007
 -0.2046312893833432 0.4560233650268303 0.0011498744186006
 -0.0221988402800427 -0.0099616554504983 0.0001481296142378
 0. 0. 0.
 BODY89      m=0.0000000100000000 r=0.000007
 0.1414430526089390 -0.5101425662227994 0.0002744653484730
 0.0227834827942902 0.0063169836953251 -0.0000112304409763
 0. 0. 0.
 BODY90      m=0.0000000100000000 r=0.000006
 0.3971905962910473 -0.1793592714774395 0.0005008869835416
 0.0107242436361983 0.0237488779137494 0.0000253877323710
 0. 0. 0.
 BODY91      m=0.0000000100000000 r=0.000008
 0.1482749914211930 0.5616707106522818 0.0005674276642973
 -0.0218225289631043 0.0057608947838471 0.0000166145523089
 0. 0. 0.
 BODY92      m=0.0000000100000000 r=0.000007
 0.5100486237904759 -0.0707943845084544 0.0001636944727172
 0.0032957684661317 0.0237447641544413 -0.0000379174099966
 0. 0. 0.
 BODY93      m=0.0000000100000000 r=0.000008
 0.5511993190360716 0.1914116209912771 -0.0001947385543335
 -0.0073876155525028 0.0212736462321879 -0.0001312125474095
 0. 0. 0.
 BODY94      m=0.0000000100000000 r=0.000008
 0.5704222965588106 0.0027392934859881 -0.0011096604799790
 -0.0001093133480182 0.0227762928300843 0.0000326041739651
 0. 0. 0.
 BODY95      m=0.0000000100000000 r=0.000007
 0.3044086876885811 0.3915465179875520 -0.0036924430675622
 -0.0192843524007140 0.0149922126047347 -0.0000476012518860
 0. 0. 0.
 BODY96      m=0.0000000100000000 r=0.000007
 -0.4285651323398034 0.2813948577172664 -0.0006109983710999
 -0.0131862919314068 -0.0200827903985938 -0.0000147301920495
 0. 0. 0.
 BODY97      m=0.0000000100000000 r=0.000006
 -0.3666493753801529 0.2964553149738497 -0.0016110802877379
 -0.0157509001262353 -0.0194809528305681 -0.0001081972256284
 0. 0. 0.
 BODY98      m=0.0000000100000000 r=0.000005
 0.3156144776370021 0.2592767074337348 -0.0006606059681316
 -0.0170854423358675 0.0207981983579632 0.0001141872434228
 0. 0. 0.
 BODY99      m=0.0000000100000000 r=0.000008
 0.4098172185005073 0.3989604954186299 -0.0016131064211298
 -0.0158665543138806 0.0162986124016938 0.0000714908283035
 0. 0. 0.
 BODY100      m=0.0000000100000000 r=0.000008
 -0.0058583343877704 -0.5947071602612365 0.0002067507918785
 0.0223051968277655 -0.0002197340482651 -0.0000295537168449
 0. 0. 0.
 BODY101      m=0.0000000100000000 r=0.000007
 -0.4180388933209029 -0.2827537282466756 -0.0010671678318156
 0.0135665081309846 -0.0200574690043571 -0.0000036593416914
 0. 0. 0.
 BODY102      m=0.0000000100000000 r=0.000007
 -0.3724684705778671 -0.3389217239858389 -0.0004729441011597
 0.0163145577439406 -0.0179294253872366 0.0000283147159013
 0. 0. 0.
 BODY103      m=0.0000000100000000 r=0.000007
 0.3511171955813146 -0.4249023557157313 -0.0009516344721566
 0.0178610487328481 0.0147595898827307 -0.0000663798479316
 0. 0. 0.
 BODY104      m=0.0000000100000000 r=0.000006
 0.2696941875846744 -0.3108008660072646 -0.0012148258726924
 0.0202543072266560 0.0175753391160888 0.0000315394432177
 0. 0. 0.
 BODY105      m=0.0000000100000000 r=0.000007
 -0.5110435045499100 -0.0790503807011625 0.0001852743151467
 0.0036568162815914 -0.0236405996932105 -0.0000334515468839
 0. 0. 0.
 BODY106      m=0.0000000100000000 r=0.000006
 0.2393492993559601 0.3416700687715048 -0.0001879400300403
 -0.0218139817636956 0.0152812835929010 -0.0000214706833933
 0. 0. 0.
 BODY107      m=0.0000000100000000 r=0.000005
 0.3896196279242570 0.1171574714343025 0.0007988342524508
 -0.0077661599860495 0.0258269509373558 0.0000351731117992
 0. 0. 0.
 BODY108      m=0.0000000100000000 r=0.000007
 -0.1011094381235638 0.5371151759744347 0.0015051180767726
 -0.0228670693539555 -0.0043043823037891 -0.0000846945844669
 0. 0. 0.
 BODY109      m=0.0000000100000000 r=0.000006
 -0.3914454036766185 0.1941063963944563 0.0003348492845568
 -0.0115614579403349 -0.0233154986682613 0.0000234615741611
 0. 0. 0.
 BODY110      m=0.0000000100000000 r=0.000007
 -0.3330915433618357 -0.4483139840314211 -0.0012143570557803
 0.0184766104630820 -0.0137279293359411 0.0000164678535415
 0. 0. 0.
 BODY111      m=0.0000000100000000 r=0.000008
 0.1304154075323779 -0.5747138635230304 -0.0016981034974262
 0.0218526917821249 0.0049590681409921 -0.0000691985726690
 0. 0. 0.
 BODY112      m=0.0000000100000000 r=0.000006
 -0.4054949680898715 0.1912927650135475 0.0002737345365756
 -0.0109612420347647 -0.0232352363524187 0.0000150455447063
 0. 0. 0.
 BODY113      m=0.0000000100000000 r=0.000008
 -0.5209835058462758 -0.2545803792037173 0.0025211459533868
 0.0099183438176713 -0.0202966962409551 0.0000606504807554
 0. 0. 0.
 BODY114      m=0.0000000100000000 r=0.000006
 -0.4305403947714513 0.1546208621670299 -0.0011967158901578
 -0.0085964445584890 -0.0239369409767316 -0.0000282586878479
 0. 0. 0.
 BODY115      m=0.0000000100000000 r=0.000008
 0.1770964512127269 0.5659809711081905 -0.0000316020599857
 -0.0213188800277399 0.0066707149891018 -0.0000078863468002
 0. 0. 0.
 BODY116      m=0.0000000100000000 r=0.000006
 -0.3832061028138724 -0.2728502088119822 -0.0004844782313609
 0.0145474471192890 -0.0204311671511280 -0.0000460144840273
 0. 0. 0.
 BODY117      m=0.0000000100000000 r=0.000006
 0.4123325785295371 0.0195618371689957 0.0012057335242801
 -0.0012689460079258 0.0267443322399189 0.0000493533527804
 0. 0. 0.
 BODY118      m=0.0000000100000000 r=0.000006
 0.2821035309879296 -0.3085383904015468 0.0011691610768349
 0.0196349693308429 0.0179528367144743 0.0000386293694840
 0. 0. 0.
 BODY119      m=0.0000000100000000 r=0.000006
 0.2330645818645252 0.4005730281461248 0.0001215052090269
 -0.0218413370439248 0.0127078976284484 0.0000086507069316
 0. 0. 0.
 BODY120      m=0.0000000100000000 r=0.000007
 0.5048393554853374 -0.1851145148524320 -0.0009133885121195
 0.0080760638685887 0.0220252407969101 -0.0000841770509020
 0. 0. 0.
 BODY121      m=0.0000000100000000 r=0.000006
 0.0406367824862065 -0.4781886802762572 0.0013816449405300
 0.0247425847928184 0.0021025482588557 -0.0000320337386422
 0. 0. 0.
 BODY122      m=0.0000000100000000 r=0.000007
 -0.5402000506148357 0.0508021169166865 -0.0023203447093167
 -0.0021870340610152 -0.0232507477961695 0.0001071834345830
 0. 0. 0.
 BODY123      m=0.0000000100000000 r=0.000008
 -0.3774539506417255 0.4538468839556266 -0.0009373238113858
 -0.0172143984432473 -0.0143169367769347 -0.0000580841715225
 0. 0. 0.
 BODY124      m=0.0000000100000000 r=0.000005
 -0.0753458608092212 -0.4005068625616926 0.0005972847099805
 0.0264822457418451 -0.0049819007624443 0.0000705821188427
 0. 0. 0.
 BODY125      m=0.0000000100000000 r=0.000006
 -0.0320878911533336 -0.4714887417547569 -0.0000502449711478
 0.0249659912788930 -0.0016990983061757 -0.0000057358135655
 0. 0. 0.
 BODY126      m=0.0000000100000000 r=0.000006
 -0.3590328496048936 -0.2972354439277480 -0.0000991748432416
 0.0160681228111031 -0.0194087969742752 -0.0000154869869324
 0. 0. 0.
 BODY127      m=0.0000000100000000 r=0.000008
 -0.1907874778010065 -0.5528763323683694 0.0002312903422901
 0.0212632374954246 -0.0073375512353370 0.0000044795546415
 0. 0. 0.
 BODY128      m=0.0000000100000000 r=0.000006
 0.2718031692235613 -0.3797962466718673 0.0011039159664265
 0.0204698838336319 0.0146493101940291 -0.0000237985461690
 0. 0. 0.
 BODY129      m=0.0000000100000000 r=0.000007
 -0.3243895628640941 -0.4179253361962562 0.0002429586022054
 0.0186830408256225 -0.0145015952984676 -0.0000026510623689
 0. 0. 0.
 BODY130      m=0.0000000100000000 r=0.000007
 -0.1545737363114673 -0.4996424450962587 0.0000135463740192
 0.0227241972181404 -0.0070301556228894 -0.0000056207700735
 0. 0. 0.
 BODY131      m=0.0000000100000000 r=0.000007
 -0.4493138721744631 -0.2318522136726781 0.0003087908856064
 0.0110938107995454 -0.0214989522237992 0.0000758532220769
 0. 0. 0.
 BODY132      m=0.0000000100000000 r=0.000008
 -0.4180240871805854 0.4055398724906708 -0.0035297489442119
 -0.0156952696795300 -0.0161785789023393 -0.0000164443129480
 0. 0. 0.
 BODY133      m=0.0000000100000000 r=0.000008
 0.3126272565123386 0.5086004150907288 -0.0001116536794119
 -0.0189672229825685 0.0116587984437315 -0.0000103602243204
 0. 0. 0.
 BODY134      m=0.0000000100000000 r=0.000006
 -0.3470241590475462 0.3149264353337972 -0.0000602575216850
 -0.0168875907994827 -0.0186088011404153 -0.0000234569375891
 0. 0. 0.
 BODY135      m=0.0000000100000000 r=0.000005
 -0.2444768893859512 0.3170674503346985 0.0009363090213706
 -0.0215297736263816 -0.0166006278177398 -0.0000142572966150
 0. 0. 0.
 BODY136      m=0.0000000100000000 r=0.000006
 0.1896610168732757 -0.4201261225725536 -0.0018913242423798
 0.0230931234257307 0.0104251801269710 -0.0000133410020505
 0. 0. 0.
 BODY137      m=0.0000000100000000 r=0.000006
 0.1624402409214382 -0.4020313216340062 0.0003808495361527
 0.0242216086253013 0.0097867331749672 0.0000245036735325
 0. 0. 0.
 BODY138      m=0.0000000100000000 r=0.000007
 0.4424103685350261 -0.2518667024347140 -0.0007436468411904
 0.0119283244295224 0.0209524106643739 -0.0000002356271902
 0. 0. 0.
 BODY139      m=0.0000000100000000 r=0.000007
 -0.0831882414971307 0.5450772950622805 -0.0002583867171891
 -0.0229013332162319 -0.0034951474062307 -0.0000149227254607
 0. 0. 0.
 BODY140      m=0.0000000100000000 r=0.000006
 0.0515981431448675 -0.4663600457084277 0.0000000648858392
 0.0249612285487200 0.0027617139495183 0.0000000363590554
 0. 0. 0.
 BODY141      m=0.0000000100000000 r=0.000007
 -0.5398883472185990 -0.1032024864567633 0.0003839030397614
 0.0043564479404473 -0.0227901841098119 -0.0000213299379975
 0. 0. 0.
 BODY142      m=0.0000000100000000 r=0.000007
 0.4337915878628026 0.2554320522495527 0.0000005020080633
 -0.0123022190421057 0.0208924411780936 0.0000117279847250
 0. 0. 0.
 BODY143      m=0.0000000100000000 r=0.000007
 0.4670457305181409 0.2031612639033204 -0.0015593777892489
 -0.0096147516986109 0.0221036040506070 0.0000432255173067
 0. 0. 0.
 BODY144      m=0.0000000100000000 r=0.000008
 -0.0577079526954671 -0.5947826043250755 0.0015291627855508
 0.0221491444629904 -0.0021488525098381 0.0000534206064197
 0. 0. 0.
 BODY145      m=0.0000000100000000 r=0.000007
 -0.1487620468294485 -0.4990890698551638 0.0003892759370814
 0.0228442177133664 -0.0068091125751069 -0.0000027651112655
 0. 0. 0.
 BODY146      m=0.0000000100000000 r=0.000008
 -0.5814444175038163 -0.1310718076802852 -0.0011581027369128
 0.0048998691655883 -0.0217365091848724 0.0000362478117278
 0. 0. 0.
 BODY147      m=0.0000000100000000 r=0.000006
 0.4146071350521673 -0.1628870057074612 -0.0015963946363759
 0.0094250173906940 0.0239887653508777 0.0001386245882367
 0. 0. 0.
 BODY148      m=0.0000000100000000 r=0.000008
 0.5536635539377117 -0.1587025247301360 0.0001187473160551
 0.0062457574753590 0.0217894747385115 -0.0000305463325268
 0. 0. 0.
 BODY149      m=0.0000000100000000 r=0.000007
 -0.3084421115452514 -0.4177241041415227 -0.0006256199440730
 0.0192044941869555 -0.0141802849130407 -0.0000446379816235
 0. 0. 0.
 BODY150      m=0.0000000100000000 r=0.000007
 -0.4403246632924580 0.2898134483330277 -0.0021050072744434
 -0.0130262836346256 -0.0197909980539509 0.0000458731910274
 0. 0. 0.
 BODY151      m=0.0000000100000000 r=0.000005
 -0.3957417669509266 -0.0794010751686764 0.0010395639199863
 0.0053263911707610 -0.0265477471847037 -0.0000425335874414
 0. 0. 0.
 BODY152      m=0.0000000100000000 r=0.000008
 0.1232390871212497 0.5815612659651943 -0.0011614657426863
 -0.0218264725229807 0.0046252366894426 -0.0000138138454466
 0. 0. 0.
 BODY153      m=0.0000000100000000 r=0.000007
 0.2812599395322138 0.4002475493288997 -0.0000180866497164
 -0.0201235293223856 0.0141411050737879 0.0000005637964198
 0. 0. 0.
 BODY154      m=0.0000000100000000 r=0.000008
 -0.3750629553657214 -0.4241810671559575 -0.0006191934938073
 0.0171264175452286 -0.0151432236741699 -0.0000258417606149
 0. 0. 0.
 BODY155      m=0.0000000100000000 r=0.000007
 -0.5275266884111728 0.0731906258743725 -0.0013493518174441
 -0.0032396412984941 -0.0233481140415915 0.0000994300690310
 0. 0. 0.
 BODY156      m=0.0000000100000000 r=0.000007
 -0.0518791713635167 -0.5412475398678579 -0.0028998445479860
 0.0232223550088626 -0.0022263269427722 0.0000818822332873
 0. 0. 0.
 BODY157      m=0.0000000100000000 r=0.000006
 0.3577584756964707 -0.2680232011463064 0.0000140282246302
 0.0154266093361400 0.0205915015030079 -0.0000065594344723
 0. 0. 0.
 BODY158      m=0.0000000100000000 r=0.000008
 0.1011902323636127 0.5790642036474910 -0.0004496045193916
 -0.0221018432751578 0.0038622358530341 -0.0000180784246137
 0. 0. 0.
 BODY159      m=0.0000000100000000 r=0.000008
 0.2097128921100321 -0.5443003633818726 0.0003396099806759
 0.0210177352021611 0.0080978666191336 -0.0000538601240946
 0. 0. 0.
 BODY160      m=0.0000000100000000 r=0.000007
 -0.0485754507019602 0.5511355884506912 -0.0002986723195432
 -0.0230374437265290 -0.0020303873072701 0.0001188883593594
 0. 0. 0.
 BODY161      m=0.0000000100000000 r=0.000006
 0.4775471183813123 -0.0183504737138614 -0.0001355908833619
 0.0009555119268180 0.0248656872889449 0.0000355942663357
 0. 0. 0.
 BODY162      m=0.0000000100000000 r=0.000006
 -0.0454662239285281 -0.4592621188521220 -0.0007949674512181
 0.0251989132098541 -0.0024945813014780 -0.0000411797854612
 0. 0. 0.
 BODY163      m=0.0000000100000000 r=0.000007
 0.1632439991470166 -0.5182113648320761 -0.0020290988718930
 0.0222594052895729 0.0070115421993655 0.0001249251067878
 0. 0. 0.
 BODY164      m=0.0000000100000000 r=0.000008
 0.5121242042532133 -0.2640391148405585 -0.0016775315917814
 0.0103848161318065 0.0201428343854679 -0.0001075769317488
 0. 0. 0.
 BODY165      m=0.0000000100000000 r=0.000006
 0.2595648444617522 0.3928384721476572 0.0006310669774913
 -0.0209162108953622 0.0138203117291956 -0.0000588154965444
 0. 0. 0.
 BODY166      m=0.0000000100000000 r=0.000007
 0.0663143207941497 -0.4833599107399116 0.0001410178819108
 0.0243993714333954 0.0033474801889476 0.0000707777155501
 0. 0. 0.
 BODY167      m=0.0000000100000000 r=0.000006
 0.2426524650556534 0.4094481788017006 0.0003035192619683
 -0.0214509788717292 0.0127125484925309 0.0000101241902333
 0. 0. 0.
 BODY168      m=0.0000000100000000 r=0.000007
 0.4152345485089341 0.3467746899112837 0.0013824652001431
 -0.0149917244391048 0.0179512187497944 0.0000387809779513
 0. 0. 0.
 BODY169      m=0.0000000100000000 r=0.000006
 0.4459249169472574 -0.0818236219382462 0.0004261226111626
 0.0046109440475474 0.0251288403865375 -0.0000049420434051
 0. 0. 0.
 BODY170      m=0.0000000100000000 r=0.000006
 0.4323480571400008 0.0724088771424470 -0.0000889355058984
 -0.0042916185658363 0.0256249132546751 -0.0000197140794719
 0. 0. 0.
 BODY171      m=0.0000000100000000 r=0.000007
 -0.0151901263488722 -0.4981202197662677 -0.0007604140461818
 0.0243567566990557 -0.0007427311630918 -0.0000168349347739
 0. 0. 0.
 BODY172      m=0.0000000100000000 r=0.000006
 -0.4604208302366599 0.1502234813109775 0.0008266545310581
 -0.0076672903258096 -0.0234996600290132 0.0000248733990400
 0. 0. 0.
 BODY173      m=0.0000000100000000 r=0.000006
 0.1125813256409288 0.4045292247865532 0.0025482405119470
 -0.0255748355354961 0.0071172648069129 0.0000420967696237
 0. 0. 0.
 BODY174      m=0.0000000100000000 r=0.000006
 -0.2158696293453296 -0.3797723334089477 -0.0006227599368240
 0.0226273279130075 -0.0128618014170421 0.0000055339726350
 0. 0. 0.
 BODY175      m=0.0000000100000000 r=0.000006
 0.2657320535551100 -0.3981510366454218 0.0006224742157692
 0.0206806859167456 0.0138025578076387 -0.0000296206892993
 0. 0. 0.
 BODY176      m=0.0000000100000000 r=0.000007
 -0.4686885193112586 0.2907290027021179 0.0016883340455896
 -0.0122100902285813 -0.0196838368962706 -0.0000395891363597
 0. 0. 0.
 BODY177      m=0.0000000100000000 r=0.000006
 -0.1087376203152701 -0.4328773867936206 0.0002374592127295
 0.0249732950985513 -0.0062732473445153 -0.0000431095353697
 0. 0. 0.
 BODY178      m=0.0000000100000000 r=0.000007
 0.3587397176251690 0.3648097301838880 0.0011291078513732
 -0.0171475604847856 0.0168622762584513 -0.0000101370823883
 0. 0. 0.
 BODY179      m=0.0000000100000000 r=0.000008
 -0.5015544366418853 -0.3184819723305397 0.0006426070322831
 0.0119634139069885 -0.0188402967167698 0.0000131725665220
 0. 0. 0.
 BODY180      m=0.0000000100000000 r=0.000007
 -0.3678603359888736 -0.4040740011427877 -0.0009987415451478
 0.0172082239937671 -0.0156660019957317 0.0000010495280128
 0. 0. 0.
 BODY181      m=0.0000000100000000 r=0.000007
 -0.1663285116807753 0.4797266032372582 0.0010991598313963
 -0.0228095821685329 -0.0079084065796813 -0.0000098517635347
 0. 0. 0.
 BODY182      m=0.0000000100000000 r=0.000006
 0.2873458562580360 -0.3529340049701616 -0.0019530466506118
 0.0197743096004160 0.0160989098271263 0.0001091643672786
 0. 0. 0.
 BODY183      m=0.0000000100000000 r=0.000006
 0.2966163879717882 -0.3129422242245625 -0.0000026959745413
 0.0190138267856690 0.0180218973015804 -0.0000013415705702
 0. 0. 0.
 BODY184      m=0.0000000100000000 r=0.000007
 0.4980136771744056 0.1374731649690560 -0.0003611977176753
 -0.0063683533759103 0.0230700556954609 -0.0000374028268537
 0. 0. 0.
 BODY185      m=0.0000000100000000 r=0.000008
 -0.1361999605927621 -0.5521884058059694 0.0018927438051614
 0.0221466311407873 -0.0054624211781283 0.0000447215550247
 0. 0. 0.
 BODY186      m=0.0000000100000000 r=0.000008
 -0.2686098835806005 -0.5276374696293721 -0.0009020936876562
 0.0199231928417111 -0.0101425722075346 0.0000383833202175
 0. 0. 0.
 BODY187      m=0.0000000100000000 r=0.000008
 0.5734702257474272 -0.0370302778044893 0.0002078737433018
 0.0014622405719737 0.0226452925741414 0.0000483181639455
 0. 0. 0.
 BODY188      m=0.0000000100000000 r=0.000006
 -0.4260102158492413 -0.1832011100331387 0.0000586923866689
 0.0099796931892219 -0.0232064680040896 0.0000093939250274
 0. 0. 0.
 BODY189      m=0.0000000100000000 r=0.000007
 -0.5154737665207201 0.1011959211815373 0.0004466199400133
 -0.0045722368031599 -0.0232898737841988 -0.0000624570316906
 0. 0. 0.
 BODY190      m=0.0000000100000000 r=0.000008
 0.5756478060968402 0.1031114713899497 0.0000597256388226
 -0.0039662002133682 0.0221423696205947 0.0000358259300870
 0. 0. 0.
 BODY191      m=0.0000000100000000 r=0.000007
 0.3987555641948408 -0.3183450590260932 0.0001782038462063
 0.0150251761476666 0.0188203882189221 0.0000280945512512
 0. 0. 0.
 BODY192      m=0.0000000100000000 r=0.000006
 -0.0165093876384511 -0.4237495911073274 0.0003659426918178
 0.0263959845696887 -0.0010283082231368 0.0000993387048501
 0. 0. 0.
 BODY193      m=0.0000000100000000 r=0.000007
 0.5084031208647061 -0.0348916611720511 0.0004706665954686
 0.0016500090841776 0.0240409735101688 -0.0000855507664028
 0. 0. 0.
 BODY194      m=0.0000000100000000 r=0.000008
 -0.1901113642506781 -0.5305388123457706 0.0013515599975442
 0.0215714988998632 -0.0077296477242328 0.0000806189288968
 0. 0. 0.
 BODY195      m=0.0000000100000000 r=0.000008
 0.4629308328824612 0.3627335299690839 0.0004954149976813
 -0.0138350280966117 0.0176565118160413 0.0001054100975069
 0. 0. 0.
 BODY196      m=0.0000000100000000 r=0.000007
 -0.5349138255483268 0.1042231956021818 0.0017342941288585
 -0.0044562766352955 -0.0228722861066310 0.0000569488596427
 0. 0. 0.
 BODY197      m=0.0000000100000000 r=0.000006
 0.2973178279988737 0.3197715595218821 0.0001720586684428
 -0.0190655236518778 0.0177267873595373 -0.0000137013415228
 0. 0. 0.
 BODY198      m=0.0000000100000000 r=0.000008
 0.4671701480905091 -0.3241819878371608 -0.0000082823217866
 0.0130056489673099 0.0187420991592140 -0.0000009180795925
 0. 0. 0.
 BODY199      m=0.0000000100000000 r=0.000008
 -0.5254657133716810 0.2402133037075881 -0.0017148461787164
 -0.0094091386207060 -0.0205827060380146 -0.0000350346824493
 0. 0. 0.
 BODY200      m=0.0000000100000000 r=0.000007
 -0.4674766561053607 0.2438046039517906 -0.0000108729494151
 -0.0109553331674571 -0.0210060094819555 0.0000637625767877
 0. 0. 0.
 BODY201      m=0.0000000100000000 r=0.000007
 -0.4688371906777244 -0.2281156141470392 -0.0001052274195347
 0.0104232585251378 -0.0214225232142248 0.0000075546741419
 0. 0. 0.
 BODY202      m=0.0000000100000000 r=0.000006
 -0.0157141677572238 0.4755949099380976 -0.0004188912892856
 -0.0249236781422799 -0.0008234172352050 0.0000998197793127
 0. 0. 0.
 BODY203      m=0.0000000100000000 r=0.000006
 -0.0636248224976162 -0.4296869414720174 -0.0001017972465302
 0.0258195783439441 -0.0038231693779306 -0.0000013002736558
 0. 0. 0.
 BODY204      m=0.0000000100000000 r=0.000008
 -0.1425859423847772 -0.5828113809217814 -0.0000390790606389
 0.0215718978453136 -0.0052776017858449 -0.0000767300602254
 0. 0. 0.
 BODY205      m=0.0000000100000000 r=0.000005
 0.2098227179344986 -0.3458484143289092 0.0011585510957256
 0.0231239799843924 0.0140292068184624 0.0000367723698727
 0. 0. 0.
 BODY206      m=0.0000000100000000 r=0.000006
 0.1018050600646435 -0.4497672354627550 0.0002287479347284
 0.0247070553364677 0.0055924546873393 -0.0000016103937389
 0. 0. 0.
 BODY207      m=0.0000000100000000 r=0.000007
 -0.4343780094756972 0.3414807820635864 0.0010705177057663
 -0.0143026993685595 -0.0181935972167628 -0.0000133353368089
 0. 0. 0.
 BODY208      m=0.0000000100000000 r=0.000006
 0.1838510527248950 -0.3741967631225676 0.0000376663243744
 0.0239114832704541 0.0117482357946662 0.0000115561605580
 0. 0. 0.
 BODY209      m=0.0000000100000000 r=0.000006
 0.4567004366848892 -0.1125396859750416 0.0001608664269331
 0.0060013260420457 0.0243540744817619 -0.0000517802288607
 0. 0. 0.
 BODY210      m=0.0000000100000000 r=0.000007
 0.4996008441100807 0.0922138214344780 0.0004273234174217
 -0.0043806483976843 0.0237337402839094 -0.0000076084764485
 0. 0. 0.
 BODY211      m=0.0000000100000000 r=0.000007
 -0.4167458532493484 0.2717333393157377 -0.0014362926741201
 -0.0133207060091688 -0.0204295105603850 -0.0000209800448810
 0. 0. 0.
 BODY212      m=0.0000000100000000 r=0.000008
 0.5823192825438103 0.0225344464390964 -0.0040390661713595
 -0.0008709664736164 0.0225172479761478 0.0000577228568306
 0. 0. 0.
 BODY213      m=0.0000000100000000 r=0.000006
 -0.4234459564583115 -0.2106615774258573 0.0010033752486041
 0.0111416766515955 -0.0223953100284483 0.0000663647525046
 0. 0. 0.
 BODY214      m=0.0000000100000000 r=0.000007
 -0.4685739203687075 -0.1836886239819485 0.0005131015471348
 0.0088499933768616 -0.0225754223249952 0.0000542371068151
 0. 0. 0.
 BODY215      m=0.0000000100000000 r=0.000007
 -0.3949764882401646 0.3656969715665199 0.0007373778990646
 -0.0159295271415621 -0.0172049684752439 0.0000219393523889
 0. 0. 0.
 BODY216      m=0.0000000100000000 r=0.000006
 0.3637956868298943 0.2170909612931972 -0.0007439930611770
 -0.0135434145820847 0.0226953374466001 -0.0001118111981544
 0. 0. 0.
 BODY217      m=0.0000000100000000 r=0.000006
 0.0692639114452333 0.4786621870325896 0.0001081160498241
 -0.0244807707920911 0.0035424483389714 -0.0000196929833439
 0. 0. 0.
 BODY218      m=0.0000000100000000 r=0.000007
 -0.5359827153900388 -0.0120963002700895 -0.0000388854519012
 0.0005300904810741 -0.0234881272586446 0.0000026913437202
 0. 0. 0.
 BODY219      m=0.0000000100000000 r=0.000008
 0.1735777750011125 0.5514078210198240 -0.0005439988072680
 -0.0215812317640072 0.0067936034693849 0.0000439238951352
 0. 0. 0.
 BODY220      m=0.0000000100000000 r=0.000006
 0.2118774016180177 -0.4141719621774999 -0.0010745408801715
 0.0224533519070423 0.0114864015557210 0.0000115295635957
 0. 0. 0.
 BODY221      m=0.0000000100000000 r=0.000008
 0.2576929688891825 -0.5388014412640562 -0.0016305715806310
 0.0200806950067883 0.0096040033424483 0.0000018832914371
 0. 0. 0.
 BODY222      m=0.0000000100000000 r=0.000006
 0.3519085544512285 -0.2987266374616071 -0.0008630476518099
 0.0163855428664008 0.0193023525289164 0.0000994591107783
 0. 0. 0.
 BODY223      m=0.0000000100000000 r=0.000006
 -0.3741084282874761 0.1811918704316776 0.0004208396789920
 -0.0116304023828972 -0.0240132562408872 -0.0000587928760334
 0. 0. 0.
 BODY224      m=0.0000000100000000 r=0.000007
 -0.4660686193598477 -0.2657399745399819 0.0015661058929359
 0.0116329216035484 -0.0204021088377798 0.0000535262487456
 0. 0. 0.
 BODY225      m=0.0000000100000000 r=0.000006
 -0.0172725756779405 -0.4123367184031354 0.0004179349008479
 0.0267542173619358 -0.0011206916525857 0.0000285348725715
 0. 0. 0.
 BODY226      m=0.0000000100000000 r=0.000008
 -0.0381426051168801 0.5629809912839189 -0.0009186347042046
 -0.0228480968709006 -0.0015479108598982 0.0000452261319484
 0. 0. 0.
 BODY227      m=0.0000000100000000 r=0.000006
 0.4576747471893833 -0.0867792065503329 -0.0015268695689266
 0.0046953799375391 0.0247630996551648 0.0000227171134806
 0. 0. 0.
 BODY228      m=0.0000000100000000 r=0.000006
 0.2811199331065868 -0.3483499117024087 0.0002081586465316
 0.0200087920744118 0.0161471692254846 -0.0000255361038258
 0. 0. 0.
 BODY229      m=0.0000000100000000 r=0.000006
 -0.4426733400142972 0.0550282077171290 -0.0001295638533079
 -0.0031772796969941 -0.0255595475722205 0.0000071213381013
 0. 0. 0.
 BODY230      m=0.0000000100000000 r=0.000006
 -0.1671015565835965 -0.4496515207941896 0.0000497718431367
 0.0232816833711981 -0.0086520413364105 0.0000399085575136
 0. 0. 0.
 BODY231      m=0.0000000100000000 r=0.000007
 0.4965011448650918 -0.2266640111492153 -0.0008442556480431
 0.0096700636919544 0.0211820424814209 -0.0000106830179494
 0. 0. 0.
 BODY232      m=0.0000000100000000 r=0.000005
 -0.3613571994424097 0.1822768951436811 -0.0000161205425252
 -0.0121780598054912 -0.0241425523932665 0.0000058848016551
 0. 0. 0.
 BODY233      m=0.0000000100000000 r=0.000006
 0.1686203449145485 0.4264625157310705 0.0006810812205793
 -0.0236230106926623 0.0093404321794608 -0.0000352297945910
 0. 0. 0.
 BODY234      m=0.0000000100000000 r=0.000006
 0.4384911866343097 0.0525052624766283 -0.0001685434275790
 -0.0030776295011401 0.0257021333559265 -0.0000958442207403
 0. 0. 0.
 BODY235      m=0.0000000100000000 r=0.000007
 -0.3428570354309522 -0.3495932139652231 -0.0002734283713392
 0.0175513863820100 -0.0172131944144739 -0.0000012605676794
 0. 0. 0.
 BODY236      m=0.0000000100000000 r=0.000007
 0.3385660630298558 0.3976567856054293 -0.0000979730845094
 -0.0181244563325093 0.0154312072518447 -0.0000158336799126
 0. 0. 0.
 BODY237      m=0.0000000100000000 r=0.000006
 -0.2501491155458150 -0.3765208817875672 -0.0006160689030940
 0.0213112217853447 -0.0141583954580202 -0.0000839812780201
 0. 0. 0.
 BODY238      m=0.0000000100000000 r=0.000008
 0.5810723673024435 -0.0329327732483776 -0.0006505958728764
 0.0012759854919550 0.0225127574249918 0.0000497620446445
 0. 0. 0.
 BODY239      m=0.0000000100000000 r=0.000006
 -0.3302144771521136 -0.2904562846674952 0.0008515627387395
 0.0171323419463139 -0.0194771089779957 0.0001158204513420
 0. 0. 0.
 BODY240      m=0.0000000100000000 r=0.000007
 0.3106132880670004 -0.4053339446301039 0.0011662314562719
 0.0191072955786616 0.0146423121868859 0.0000396589026244
 0. 0. 0.
 BODY241      m=0.0000000100000000 r=0.000007
 -0.2687928014875982 0.4129299418489711 0.0022900804971560
 -0.0205389273950608 -0.0133697985512806 0.0000324461275813
 0. 0. 0.
 BODY242      m=0.0000000100000000 r=0.000007
 -0.5519481709375252 -0.0154461022903516 0.0002045071024369
 0.0006475527670271 -0.0231409373097933 -0.0001062038203095
 0. 0. 0.
 BODY243      m=0.0000000100000000 r=0.000006
 -0.1305561081108799 0.4355193468197527 0.0009116575337785
 -0.0244372840446435 -0.0073253362615177 -0.0001217933417058
 0. 0. 0.
 BODY244      m=0.0000000100000000 r=0.000006
 0.4513140712924543 -0.0190627400744440 -0.0004168015959416
 0.0010800616215056 0.0255721922072143 -0.0000696867087566
 0. 0. 0.
 BODY245      m=0.0000000100000000 r=0.000007
 0.0172917837195503 0.5596837901102332 -0.0005206585241173
 -0.0229777457107647 0.0007099086505742 -0.0000035436046534
 0. 0. 0.
 BODY246      m=0.0000000100000000 r=0.000007
 0.4284722082894130 0.2749780297799137 -0.0000819446015530
 -0.0130214591360608 0.0202901077566417 0.0000061476311526
 0. 0. 0.
 BODY247      m=0.0000000100000000 r=0.000008
 -0.2313680829513042 0.5350332654061135 -0.0006113545014321
 -0.0206801695411993 -0.0089429970283596 -0.0001140430716203
 0. 0. 0.
 BODY248      m=0.0000000100000000 r=0.000006
 -0.4029838446819483 0.2141259227662836 -0.0047738545862669
 -0.0119490653945218 -0.0224867159276458 0.0000610649203311
 0. 0. 0.
 BODY249      m=0.0000000100000000 r=0.000007
 -0.4947581045685715 0.1189385251238185 0.0000515206978475
 -0.0056366725965654 -0.0234473234755592 0.0000120792967337
 0. 0. 0.
 BODY250      m=0.0000000100000000 r=0.000007
 -0.2510602203086905 -0.4530876234882230 -0.0003775552012949
 0.0209065232509424 -0.0115844629678080 -0.0000517481916164
 0. 0. 0.
 BODY251      m=0.0000000100000000 r=0.000006
 -0.3729024106301237 0.2629444136817040 -0.0005580964716568
 -0.0146756802303161 -0.0208128037699368 -0.0000249935940624
 0. 0. 0.
 BODY252      m=0.0000000100000000 r=0.000007
 -0.1082217330020777 0.5223224239945761 0.0007025074695204
 -0.0230636840063374 -0.0047786749268586 0.0000245103454449
 0. 0. 0.
 BODY253      m=0.0000000100000000 r=0.000006
 -0.3371008021480216 -0.2381887600662015 -0.0000706416905503
 0.0154512781764037 -0.0218676937241169 0.0000082978895863
 0. 0. 0.
 BODY254      m=0.0000000100000000 r=0.000007
 -0.3887442316918008 0.4012252894739812 0.0004614352666007
 -0.0165292270319035 -0.0160150865236638 0.0000348118845167
 0. 0. 0.
 BODY255      m=0.0000000100000000 r=0.000006
 0.2881681808262047 -0.3010078765542725 0.0007260478527225
 0.0192494104788687 0.0184281038617787 -0.0000870291353720
 0. 0. 0.
 BODY256      m=0.0000000100000000 r=0.000007
 0.2445190921788676 0.4755232846573882 0.0001078557843156
 -0.0209212251989317 0.0107579168638408 -0.0000089958296680
 0. 0. 0.
 BODY257      m=0.0000000100000000 r=0.000006
 -0.4396071280804595 0.0363685415027140 0.0003850153473575
 -0.0021354990674405 -0.0258128166480880 -0.0000158915433021
 0. 0. 0.
 BODY258      m=0.0000000100000000 r=0.000006
 -0.3807031281285579 0.2217343181476161 0.0018736483279873
 -0.0130433483014316 -0.0223951841148802 0.0000733221255538
 0. 0. 0.
 BODY259      m=0.0000000100000000 r=0.000008
 0.4486024500615285 0.3776114219094080 -0.0000798615555615
 -0.0144667485305009 0.0171865129111870 0.0000593884122714
 0. 0. 0.
 BODY260      m=0.0000000100000000 r=0.000007
 0.5273731989061914 -0.0125452508598129 -0.0006708000429101
 0.0005633240229535 0.0236780025142968 0.0000529376897125
 0. 0. 0.
 BODY261      m=0.0000000100000000 r=0.000007
 0.4289747688445117 0.3515159359996625 0.0000257248671780
 -0.0146407405369484 0.0178669242889447 -0.0000127236251774
 0. 0. 0.
 BODY262      m=0.0000000100000000 r=0.000006
 0.1598745023171479 0.4073575945840185 -0.0000166661077226
 -0.0242068766090564 0.0095004057584285 0.0000052081803890
 0. 0. 0.
 BODY263      m=0.0000000100000000 r=0.000007
 0.2185867373301537 -0.4705891038176361 -0.0024029622213927
 0.0216585376761096 0.0100605168976055 -0.0000418420324965
 0. 0. 0.
 BODY264      m=0.0000000100000000 r=0.000008
 -0.5479375360967075 0.1572777702446488 -0.0002157529379884
 -0.0062859745654932 -0.0218996103473873 -0.0000021750840821
 0. 0. 0.
 BODY265      m=0.0000000100000000 r=0.000007
 0.0217698854715228 0.5073463652069694 -0.0004810885015491
 -0.0241178173990593 0.0010348936789448 0.0000154312307258
 0. 0. 0.
 BODY266      m=0.0000000100000000 r=0.000007
 0.0844625249292502 0.5069572491300995 0.0003873785869807
 -0.0236692590036528 0.0039434147719457 0.0000585310832022
 0. 0. 0.
 BODY267      m=0.0000000100000000 r=0.000007
 -0.5507779550086139 -0.0804220197691780 -0.0002941736233538
 0.0033314096349454 -0.0228154906612019 0.0000029063363041
 0. 0. 0.
 BODY268      m=0.0000000100000000 r=0.000005
 -0.3496435210734026 -0.1963331566893155 0.0002422684997988
 0.0133006487319842 -0.0236867609061002 -0.0000449304316511
 0. 0. 0.
 BODY269      m=0.0000000100000000 r=0.000007
 0.4580200782449285 -0.1622529025983854 -0.0009345920828387
 0.0082405105954508 0.0232613793508741 0.0000994975099445
 0. 0. 0.
 BODY270      m=0.0000000100000000 r=0.000007
 0.1351383125463061 0.4804597101567522 0.0000192718029283
 -0.0234401769802920 0.0065929885498806 0.0000308824761204
 0. 0. 0.
 BODY271      m=0.0000000100000000 r=0.000008
 -0.5963723880972468 0.0516163301221585 -0.0001667554961276
 -0.0019172000839750 -0.0221513220483313 -0.0000285384805986
 0. 0. 0.
 BODY272      m=0.0000000100000000 r=0.000006
 0.0944572199316115 0.4598938559807411 0.0000262989822808
 -0.0245923676589969 0.0050510104316596 -0.0000754177451712
 0. 0. 0.
 BODY273      m=0.0000000100000000 r=0.000005
 0.3374181150902156 0.2242423590374210 -0.0008846358507235
 -0.0149590295729544 0.0225089766265208 0.0000208630072052
 0. 0. 0.
 BODY274      m=0.0000000100000000 r=0.000007
 -0.5187407792964549 0.0919330257534403 0.0002889657346042
 -0.0041358268866597 -0.0233368104164577 0.0000052975079802
 0. 0. 0.
 BODY275      m=0.0000000100000000 r=0.000006
 -0.0576999487599534 -0.4222244209002488 0.0002798762209433
 0.0261090383014740 -0.0035679635529156 0.0000315398131833
 0. 0. 0.
 BODY276      m=0.0000000100000000 r=0.000008
 -0.1285950217285225 0.5753998711895415 -0.0014066716257309
 -0.0218638898309937 -0.0048861575538606 0.0000660856320485
 0. 0. 0.
 BODY277      m=0.0000000100000000 r=0.000005
 0.2790778278183620 0.2993545102182865 0.0012886423375288
 -0.0196683490769932 0.0183361295719402 -0.0000022893292791
 0. 0. 0.
 BODY278      m=0.0000000100000000 r=0.000007
 0.3005030250736245 -0.3906090812420022 -0.0003363901858071
 0.0194218797724018 0.0149415898727719 0.0000384426337561
 0. 0. 0.
 BODY279      m=0.0000000100000000 r=0.000007
 -0.4603279981278265 -0.2903843068444338 0.0008373695625597
 0.0124407806170328 -0.0197214118204387 0.0000610663639718
 0. 0. 0.
 BODY280      m=0.0000000100000000 r=0.000007
 0.2578660280897002 -0.4947572646167637 -0.0000852551233409
 0.0204229647716876 0.0106443888257850 0.0000012729829351
 0. 0. 0.
 BODY281      m=0.0000000100000000 r=0.000006
 -0.4303394064213307 -0.0548701422856594 -0.0011012390603886
 0.0033033979688560 -0.0259077941882990 -0.0000163158681998
 0. 0. 0.
 BODY282      m=0.0000000100000000 r=0.000005
 0.2492125022661542 -0.3196982894344960 -0.0001506093388118
 0.0213095503733216 0.0166113001665665 0.0000140905464784
 0. 0. 0.
 BODY283      m=0.0000000100000000 r=0.000006
 0.4770103908999075 -0.0174056785670797 -0.0017710766408573
 0.0009073932451156 0.0248819343385060 -0.0001416904638148
 0. 0. 0.
 BODY284      m=0.0000000100000000 r=0.000006
 -0.3264140877436723 -0.2672233393749855 0.0004727288219046
 0.0167775396136860 -0.0204939592099756 -0.0000823506373511
 0. 0. 0.
 BODY285      m=0.0000000100000000 r=0.000007
 0.5205224157193141 -0.0284739730741686 0.0000066134561972
 0.0013013836178764 0.0237901237409087 -0.0000002607964821
 0. 0. 0.
 BODY286      m=0.0000000100000000 r=0.000007
 -0.4106417187388544 -0.3013318248244917 0.0004048091979282
 0.0142599971181146 -0.0194329881160594 -0.0000692795798363
 0. 0. 0.
 BODY287      m=0.0000000100000000 r=0.000008
 -0.3162132291486838 -0.5055220190254182 0.0002048185611729
 0.0188868825371980 -0.0118140913624503 -0.0000058727947744
 0. 0. 0.
 BODY288      m=0.0000000100000000 r=0.000006
 0.2041079468394411 -0.3847109808480592 0.0001008603048367
 0.0230270180874528 0.0122169633267137 0.0000253889786732
 0. 0. 0.
 BODY289      m=0.0000000100000000 r=0.000008
 -0.5615514950046661 0.0510687939678022 -0.0001739497182512
 -0.0020748204005571 -0.0228144577392985 0.0000670080055054
 0. 0. 0.
 BODY290      m=0.0000000100000000 r=0.000006
 0.2956656603242823 0.3049189619495296 0.0002443088937244
 -0.0189499342608151 0.0183748772711596 -0.0000150512177178
 0. 0. 0.
 BODY291      m=0.0000000100000000 r=0.000008
 -0.1824910992883842 -0.5600216847978244 0.0003097660639473
 0.0213115745395128 -0.0069446725329882 0.0000176035705969
 0. 0. 0.
 BODY292      m=0.0000000100000000 r=0.000007
 0.2197472238571959 0.4427155436788528 0.0003752385051671
 -0.0219174766095698 0.0108789884848697 0.0000195533049704
 0. 0. 0.
 BODY293      m=0.0000000100000000 r=0.000007
 -0.0409385447981611 0.5232308587538645 0.0041332533934811
 -0.0236724924455420 -0.0018529098533689 0.0000924746850366
 0. 0. 0.
 BODY294      m=0.0000000100000000 r=0.000006
 -0.2505173575161432 0.4015105994742600 -0.0000335277817730
 -0.0212150811197947 -0.0132368761479421 -0.0000004684224334
 0. 0. 0.
 BODY295      m=0.0000000100000000 r=0.000005
 -0.2311892545672802 0.3378674769367279 -0.0030962231971247
 -0.0221879762765787 -0.0151824513137561 -0.0000112470427829
 0. 0. 0.
 BODY296      m=0.0000000100000000 r=0.000006
 -0.3479847522041012 -0.3120235223267434 0.0001430835037355
 0.0167980803669542 -0.0187340948354406 -0.0000169422624708
 0. 0. 0.
 BODY297      m=0.0000000100000000 r=0.000006
 0.4523650284723214 -0.1325184696029405 0.0002614959024906
 0.0070439405119893 0.0240451174821716 -0.0000389302584262
 0. 0. 0.
 BODY298      m=0.0000000100000000 r=0.000006
 0.1557623481382160 -0.4211420501638847 0.0008744560483874
 0.0240774571398815 0.0089053775628288 0.0000774229741025
 0. 0. 0.
 BODY299      m=0.0000000100000000 r=0.000006
 0.2319588562821405 -0.3425186203809892 -0.0003515886491869
 0.0221457655119395 0.0149974176628851 0.0000330854625337
 0. 0. 0.
 BODY300      m=0.0000000100000000 r=0.000007
 -0.4947395147206765 -0.2620823931869447 -0.0018526870067174
 0.0107622288641800 -0.0203155833846519 -0.0000772786435349
 0. 0. 0.
 BODY301      m=0.0000000100000000 r=0.000007
 0.3383596954913428 -0.4144344588014073 -0.0015354660696632
 0.0182176326597403 0.0148736422681230 -0.0000242561350967
 0. 0. 0.
 BODY302      m=0.0000000100000000 r=0.000007
 0.4753761821918249 0.2605775301813746 0.0005319433833180
 -0.0112304041930316 0.0204878295588835 -0.0000025481591426
 0. 0. 0.
 BODY303      m=0.0000000100000000 r=0.000006
 0.1306952828628158 0.4300747923712330 0.0004332675907122
 -0.0245496130922875 0.0074604420419970 -0.0000679370922312
 0. 0. 0.
 BODY304      m=0.0000000100000000 r=0.000007
 0.4797153608698395 0.1851479386399191 0.0003216948209767
 -0.0086378311596289 0.0223804491182013 0.0000194961285260
 0. 0. 0.
 BODY305      m=0.0000000100000000 r=0.000006
 -0.4383966125440918 0.1303839028044156 0.0001473092391258
 -0.0072511244204481 -0.0243808426975375 0.0000070701967303
 0. 0. 0.
 BODY306      m=0.0000000100000000 r=0.000006
 -0.4774694637335742 0.0153953607870092 -0.0005739648026427
 -0.0008020706383632 -0.0248758630838069 -0.0000150697180153
 0. 0. 0.
 BODY307      m=0.0000000100000000 r=0.000008
 -0.1422818388284232 0.5623692650691853 0.0011645753669474
 -0.0218961914812548 -0.0055398570845441 0.0000128544116603
 0. 0. 0.
 BODY308      m=0.0000000100000000 r=0.000006
 0.3633752291631829 0.2906308980489217 0.0001886384286988
 -0.0157516497914063 0.0196942612465724 -0.0000078449070691
 0. 0. 0.
 BODY309      m=0.0000000100000000 r=0.000007
 -0.2968946926702403 0.4004442690413646 -0.0002505055789934
 -0.0195719508707813 -0.0145109088826932 -0.0000078318346690
 0. 0. 0.
 BODY310      m=0.0000000100000000 r=0.000006
 0.4589013913091619 0.1270651936710909 0.0028488106131268
 -0.0066525176549537 0.0240249808848051 0.0000388788550909
 0. 0. 0.
 BODY311      m=0.0000000100000000 r=0.000008
 0.4563339617647130 0.3706929613253214 0.0012169868449122
 -0.0141454343261948 0.0174136916193179 -0.0000746327014442
 0. 0. 0.
 BODY312      m=0.0000000100000000 r=0.000008
 -0.3906822372185192 0.4065730488385738 0.0002726529192679
 -0.0165186268242398 -0.0158730309392969 0.0000458451981582
 0. 0. 0.
 BODY313      m=0.0000000100000000 r=0.000006
 0.1826435175515682 0.4346036890583572 0.0000285669180870
 -0.0230976509759532 0.0097068579748629 -0.0000022268570179
 0. 0. 0.
 BODY314      m=0.0000000100000000 r=0.000006
 0.2955238051706516 0.3597552620735709 -0.0008386074424767
 -0.0194811665730092 0.0160029470836764 -0.0000048327516686
 0. 0. 0.
 BODY315      m=0.0000000100000000 r=0.000006
 -0.2577305450250868 -0.3329763243679882 0.0000945436275191
 0.0209640224741551 -0.0162265867957009 -0.0000030683024983
 0. 0. 0.
 BODY316      m=0.0000000100000000 r=0.000006
 0.4422144101296868 -0.1505753132499473 -0.0000123814737317
 0.0081126509221451 0.0238254935650490 -0.0000011927016572
 0. 0. 0.
 BODY317      m=0.0000000100000000 r=0.000006
 -0.2953937262866962 -0.2988925032339942 -0.0002011760070624
 0.0188743210517062 -0.0186533340429766 -0.0000711855750954
 0. 0. 0.
 BODY318      m=0.0000000100000000 r=0.000006
 0.4035221039048417 0.1920615931515565 -0.0005080361098205
 -0.0110589768640033 0.0232350739122896 0.0000466529651692
 0. 0. 0.
 BODY319      m=0.0000000100000000 r=0.000005
 -0.1940945210593127 -0.3567399824159594 -0.0027517781389425
 0.0237108592601273 -0.0129008294186816 0.0000340826795825
 0. 0. 0.
 BODY320      m=0.0000000100000000 r=0.000007
 -0.4074252395172612 0.3257243292300610 -0.0017992545351795
 -0.0148731180443767 -0.0186037252943690 -0.0000012566815524
 0. 0. 0.
 BODY321      m=0.0000000100000000 r=0.000007
 0.0416270602222498 0.5438799227882709 0.0027630115092775
 -0.0232237249036455 0.0017771781589393 0.0000593103877883
 0. 0. 0.
 BODY322      m=0.0000000100000000 r=0.000008
 -0.0862181850742040 -0.5686192586271457 0.0005375913454630
 0.0224269853047678 -0.0034004466495870 0.0001014093215085
 0. 0. 0.
 BODY323      m=0.0000000100000000 r=0.000007
 0.0488696721953987 -0.5235946102735851 -0.0000727606839798
 0.0236192715807665 0.0022044990403711 0.0000308374581551
 0. 0. 0.
 BODY324      m=0.0000000100000000 r=0.000007
 -0.4932927551278528 0.0633309676170758 0.0000163452089396
 -0.0031061593877924 -0.0241942604343880 0.0000001112840452
 0. 0. 0.
 BODY325      m=0.0000000100000000 r=0.000006
 -0.2579507849145571 -0.3827075452453417 0.0000970012058301
 0.0209973974095590 -0.0141525556758543 0.0000546519430734
 0. 0. 0.
 BODY326      m=0.0000000100000000 r=0.000006
 -0.0750523219558324 0.4126704015309169 -0.0004587492758142
 -0.0261328878748524 -0.0047528445061852 -0.0000530493750216
 0. 0. 0.
 BODY327      m=0.0000000100000000 r=0.000008
 0.4745712017778983 -0.3136613936654291 -0.0009682662159522
 0.0125760082155641 0.0190275545532543 0.0000021205018312
 0. 0. 0.
 BODY328      m=0.0000000100000000 r=0.000006
 -0.1391261783284357 0.4352835760775496 -0.0011765154298155
 -0.0242386666238464 -0.0077466576025423 0.0002041887966219
 0. 0. 0.
 BODY329      m=0.0000000100000000 r=0.000008
 -0.5816894235402081 -0.0722169052133189 -0.0011082581768548
 0.0027683047353454 -0.0222977660642289 -0.0000161761563000
 0. 0. 0.
 BODY330      m=0.0000000100000000 r=0.000006
 -0.4511138652613885 0.0224753070267108 -0.0004987086074116
 -0.0012737638078932 -0.0255644391323056 0.0000880200258538
 0. 0. 0.
 BODY331      m=0.0000000100000000 r=0.000008
 -0.2071135126986076 0.5418330156933134 -0.0012356557418626
 -0.0210977236369933 -0.0080645690911799 -0.0000211535770638
 0. 0. 0.
 BODY332      m=0.0000000100000000 r=0.000007
 -0.3214487196456395 -0.4333989953530120 -0.0005209131475036
 0.0188093461845873 -0.0139507761209007 0.0000232414674080
 0. 0. 0.
 BODY333      m=0.0000000100000000 r=0.000007
 0.5126940033459761 0.0050638211775195 -0.0001451958309282
 -0.0002372788377010 0.0240230749032908 -0.0000198474417322
 0. 0. 0.
 BODY334      m=0.0000000100000000 r=0.000007
 0.1129895603363256 0.4874965645619946 0.0001631541467580
 -0.0236897257618806 0.0054906877912246 0.0000016120860937
 0. 0. 0.
 BODY335      m=0.0000000100000000 r=0.000006
 -0.3544409148652973 0.2636208117778218 0.0002130791885285
 -0.0154466957609540 -0.0207682537441963 0.0000137699714499
 0. 0. 0.
 BODY336      m=0.0000000100000000 r=0.000006
 0.4238554574826529 -0.1755530203441789 0.0005600453165826
 0.0097185388743130 0.0234644883638596 0.0000108249660011
 0. 0. 0.
 BODY337      m=0.0000000100000000 r=0.000007
 0.1207372522770932 -0.4825216942430920 -0.0003707001779483
 0.0236619405714057 0.0059207043109500 0.0000253922279507
 0. 0. 0.
 BODY338      m=0.0000000100000000 r=0.000006
 0.3503241731461496 0.3359972228233855 0.0004016764654902
 -0.0170908548243799 0.0178196455672061 -0.0000294704010323
 0. 0. 0.
 BODY339      m=0.0000000100000000 r=0.000005
 0.4095934033628519 0.0170372784801745 0.0006422141703481
 -0.0011164574349681 0.0268440271092141 -0.0000865208107410
 0. 0. 0.
 BODY340      m=0.0000000100000000 r=0.000007
 0.3997455038670659 -0.3811108436433674 -0.0003143719488540
 0.0159724387568940 0.0167534225501647 -0.0000013460063486
 0. 0. 0.
 BODY341      m=0.0000000100000000 r=0.000006
 -0.4640044057457242 0.0305295509256569 -0.0004358232174073
 -0.0016561524218701 -0.0251721184249984 -0.0000721646466322
 0. 0. 0.
 BODY342      m=0.0000000100000000 r=0.000007
 -0.0764120709865097 -0.5325539336130617 0.0017545738433108
 0.0232150245495098 -0.0033309282135855 0.0000052326683395
 0. 0. 0.
 BODY343      m=0.0000000100000000 r=0.000006
 0.0034998247944155 -0.4698447429163257 0.0002372466768289
 0.0250954115585574 0.0001869383172399 0.0000102931097674
 0. 0. 0.
 BODY344      m=0.0000000100000000 r=0.000006
 0.1367209384777049 0.4652932599822269 0.0000142922840651
 -0.0237001794530586 0.0069640179907791 0.0000100339247025
 0. 0. 0.
 BODY345      m=0.0000000100000000 r=0.000007
 -0.2141574015489071 0.5019419801325914 -0.0003001153574182
 -0.0214184263281139 -0.0091383757828367 -0.0000663342834413
 0. 0. 0.
 BODY346      m=0.0000000100000000 r=0.000006
 -0.2512177209639468 0.3655588299304544 -0.0003647494984283
 -0.0212871840531857 -0.0146289694188888 -0.0000852099211197
 0. 0. 0.
 BODY347      m=0.0000000100000000 r=0.000006
 -0.3391774642246992 -0.2450419313749461 -0.0005448246539575
 0.0155736407309856 -0.0215562642255820 -0.0000722302425676
 0. 0. 0.
 BODY348      m=0.0000000100000000 r=0.000007
 -0.4568850418963770 -0.1755097999328297 0.0005869609249462
 0.0088175104042218 -0.0229536923837105 -0.0000159253022493
 0. 0. 0.
 BODY349      m=0.0000000100000000 r=0.000007
 -0.2468185885701969 -0.4335583391717083 -0.0010655710663207
 0.0211654847127731 -0.0120492026985421 -0.0000025834856488
 0. 0. 0.
 BODY350      m=0.0000000100000000 r=0.000008
 0.1375337491796620 -0.5723595450100898 -0.0019945254083850
 0.0218006637340005 0.0052384862466889 0.0000147469897406
 0. 0. 0.
 BODY351      m=0.0000000100000000 r=0.000008
 -0.5250775914295309 -0.2428230702334773 0.0003053364222174
 0.0094933092488372 -0.0205282003528598 0.0000108700616272
 0. 0. 0.
 BODY352      m=0.0000000100000000 r=0.000008
 -0.2900126442758034 0.5056304457426444 0.0015864333385604
 -0.0195438117392907 -0.0112103228986958 0.0002067798490953
 0. 0. 0.
 BODY353      m=0.0000000100000000 r=0.000006
 -0.1605205115723697 0.4180655030047877 -0.0006194044809723
 -0.0239979368929458 -0.0092142543023543 -0.0000012156687798
 0. 0. 0.
 BODY354      m=0.0000000100000000 r=0.000008
 0.3429624969799259 0.4808504890688659 -0.0010388183558349
 -0.0182233979882590 0.0129976694741590 -0.0000061166684255
 0. 0. 0.
 BODY355      m=0.0000000100000000 r=0.000006
 -0.2950461456905696 -0.3748860449169264 0.0015825873873272
 0.0195713537117850 -0.0154031622804291 0.0000138330972974
 0. 0. 0.
 BODY356      m=0.0000000100000000 r=0.000006
 -0.4559774833690652 0.0791791604639205 -0.0014672426175763
 -0.0043265422868450 -0.0249134762917819 0.0001211296770128
 0. 0. 0.
 BODY357      m=0.0000000100000000 r=0.000006
 0.2169927108961951 -0.3801514192564245 -0.0000064268396469
 0.0225812530767055 0.0128895147520035 -0.0000009263262320
 0. 0. 0.
 BODY358      m=0.0000000100000000 r=0.000006
 0.0439151811345395 -0.4155758267877417 0.0001596375522996
 0.0264634522718482 0.0027964536228865 -0.0000549592417421
 0. 0. 0.
 BODY359      m=0.0000000100000000 r=0.000007
 -0.1194425141945569 0.4979932384918982 -0.0006041329184866
 -0.0233754083097044 -0.0056065365785001 0.0000003830032624
 0. 0. 0.
 BODY360      m=0.0000000100000000 r=0.000008
 -0.2162406057143673 -0.5459922112023555 -0.0010931160315505
 0.0208706811154776 -0.0082658273321356 -0.0000104138923831
 0. 0. 0.
 BODY361      m=0.0000000100000000 r=0.000006
 0.2469959369801628 -0.3611676602099864 -0.0009954276252268
 0.0214660578835395 0.0146805152842824 -0.0000987271032913
 0. 0. 0.
 BODY362      m=0.0000000100000000 r=0.000008
 -0.2846954180366086 -0.5144073842736921 0.0008462715041410
 0.0196292394183817 -0.0108636935325131 -0.0000114049146051
 0. 0. 0.
 BODY363      m=0.0000000100000000 r=0.000008
 0.3172009394201188 -0.4640453386568372 0.0000950606195439
 0.0189422300815110 0.0129480803590205 0.0000332271166469
 0. 0. 0.
 BODY364      m=0.0000000100000000 r=0.000006
 0.3144644790028865 -0.3616985851526975 0.0011869171902654
 0.0187518243595020 0.0163031564732855 0.0000387157135862
 0. 0. 0.
 BODY365      m=0.0000000100000000 r=0.000006
 -0.4184777103741986 -0.0736801054136658 0.0005135980284849
 0.0045760404882908 -0.0259901746794292 0.0000236294124026
 0. 0. 0.
 BODY366      m=0.0000000100000000 r=0.000007
 0.3109860380511111 -0.4264607588977407 -0.0006692242436824
 0.0191317621913876 0.0139513467836155 0.0000134302508084
 0. 0. 0.
 BODY367      m=0.0000000100000000 r=0.000008
 0.5175134162066116 0.2520400736743029 0.0008335055099889
 -0.0099276891629096 0.0203845662494357 -0.0000182909310160
 0. 0. 0.
 BODY368      m=0.0000000100000000 r=0.000007
 0.3837065716566661 0.3577174245479727 -0.0010944101551313
 -0.0161958168758509 0.0173723646594111 -0.0000400437979753
 0. 0. 0.
 BODY369      m=0.0000000100000000 r=0.000006
 0.4291252500755649 0.0526165283594551 -0.0002357959879650
 -0.0031839798437221 0.0259678651658922 0.0000541453778723
 0. 0. 0.
 BODY370      m=0.0000000100000000 r=0.000006
 -0.4291567890362692 0.0567302345450796 -0.0009309170609394
 -0.0034264768778428 -0.0259201708997468 0.0000412926268711
 0. 0. 0.
 BODY371      m=0.0000000100000000 r=0.000007
 -0.1195369813157255 0.5428111754197553 -0.0004604319793950
 -0.0225340619421306 -0.0049624424406222 -0.0000336049706145
 0. 0. 0.
 BODY372      m=0.0000000100000000 r=0.000008
 -0.0873192937616083 0.5884034133494498 0.0009801194779780
 -0.0220623797887225 -0.0032738967930022 -0.0001013895729749
 0. 0. 0.
 BODY373      m=0.0000000100000000 r=0.000007
 0.4926964784812812 -0.0476668849867391 0.0008291486178213
 0.0023545504476756 0.0243368783661802 -0.0000187324189906
 0. 0. 0.
 BODY374      m=0.0000000100000000 r=0.000007
 -0.2076822462076399 -0.4580261039752205 -0.0023068612353745
 0.0220923188666142 -0.0100171100229335 -0.0000366425414834
 0. 0. 0.
 BODY375      m=0.0000000100000000 r=0.000007
 -0.4385051679311123 -0.2593400728458998 -0.0000461115829768
 0.0122687506072986 -0.0207446238505618 0.0000371968816781
 0. 0. 0.
 BODY376      m=0.0000000100000000 r=0.000007
 -0.5007458745474052 -0.1395009512535373 -0.0020339777353822
 0.0064028021494855 -0.0229843461750931 0.0000793486895974
 0. 0. 0.
 BODY377      m=0.0000000100000000 r=0.000008
 -0.5044663459377711 0.2672034206036883 -0.0013488985206409
 -0.0106567811245219 -0.0201198006724981 -0.0000682988440382
 0. 0. 0.
 BODY378      m=0.0000000100000000 r=0.000007
 -0.4456211524896188 -0.2294359224716150 -0.0000646404266853
 0.0111227345885097 -0.0216030961177286 0.0000074233141511
 0. 0. 0.
 BODY379      m=0.0000000100000000 r=0.000008
 0.5350931074033570 -0.2425611540506394 0.0001715719706818
 0.0092660514187148 0.0204410433048969 0.0000163606881788
 0. 0. 0.
 BODY380      m=0.0000000100000000 r=0.000006
 -0.3324304676276366 0.3228727639271354 0.0004469203382124
 -0.0176060075933875 -0.0181271330716368 -0.0000353092258843
 0. 0. 0.
 BODY381      m=0.0000000100000000 r=0.000007
 0.4236133180213010 -0.3052306881630355 -0.0005835930176871
 0.0139173358674552 0.0193151510793155 -0.0000137614444582
 0. 0. 0.
 BODY382      m=0.0000000100000000 r=0.000005
 -0.2058765547095157 0.3469997841346819 -0.0003682876667064
 -0.0232910987386550 -0.0138186873174348 0.0000261956610834
 0. 0. 0.
 BODY383      m=0.0000000100000000 r=0.000007
 0.5051002651406367 0.1139990765773769 0.0010775879212350
 -0.0052630215004453 0.0233193918387595 -0.0000330187895550
 0. 0. 0.
 BODY384      m=0.0000000100000000 r=0.000006
 -0.4618285828853070 0.0918545205798930 -0.0011467277895898
 -0.0048902607081989 -0.0245873595176397 0.0000017894298603
 0. 0. 0.
 BODY385      m=0.0000000100000000 r=0.000007
 -0.0509985873895648 0.5384880810241796 0.0000896356174196
 -0.0232859022680808 -0.0022053364538923 -0.0000081072066486
 0. 0. 0.
 BODY386      m=0.0000000100000000 r=0.000008
 0.0738947876703066 0.5809827572016333 0.0005883041886964
 -0.0222986647272229 0.0028360794371129 0.0000711270353098
 0. 0. 0.
 BODY387      m=0.0000000100000000 r=0.000007
 -0.4016983699594933 0.3195446532996136 -0.0000979800433398
 -0.0149475498637454 -0.0187904820821757 0.0000850466384358
 0. 0. 0.
 BODY388      m=0.0000000100000000 r=0.000006
 0.0952760563160439 0.4170052836778058 -0.0005782468721903
 -0.0256412014368759 0.0058586027825812 0.0001310222306040
 0. 0. 0.
 BODY389      m=0.0000000100000000 r=0.000006
 -0.2396276161011725 -0.3755585413987287 0.0000365147475302
 0.0217271779644432 -0.0138631690682174 0.0000083747467801
 0. 0. 0.
 BODY390      m=0.0000000100000000 r=0.000006
 0.2944396962418976 0.3814414411228649 0.0001321584902224
 -0.0196169574039499 0.0151425864294158 0.0000074852954331
 0. 0. 0.
 BODY391      m=0.0000000100000000 r=0.000008
 -0.4125542884208205 0.4352734676345095 0.0029366538012817
 -0.0161220227643406 -0.0152809319288850 0.0000594553998152
 0. 0. 0.
 BODY392      m=0.0000000100000000 r=0.000008
 -0.2323578707167857 0.5236957334883295 0.0019522690864333
 -0.0207738477392440 -0.0092169889038027 -0.0000354780778850
 0. 0. 0.
 BODY393      m=0.0000000100000000 r=0.000006
 0.3277830852166103 -0.2661469007481500 0.0000610126690139
 0.0166875026927638 0.0205521174129033 0.0000202590986517
 0. 0. 0.
 BODY394      m=0.0000000100000000 r=0.000006
 0.4187452416885000 -0.2369580111698742 0.0008779713511399
 0.0122137874177181 0.0215839452210268 0.0000266165970950
 0. 0. 0.
 BODY395      m=0.0000000100000000 r=0.000005
 0.4078849947119655 0.0072939331672324 0.0000195090687310
 -0.0004815461063386 0.0269287334953043 -0.0000487647811666
 0. 0. 0.
 BODY396      m=0.0000000100000000 r=0.000006
 0.4360550366166044 0.1014067980172139 -0.0008548185574695
 -0.0058235220242194 0.0250416455823344 0.0000198709746125
 0. 0. 0.
 BODY397      m=0.0000000100000000 r=0.000006
 0.3576647397932181 -0.2912566307310989 -0.0000065946370491
 0.0159939750435272 0.0196406890872102 -0.0000009971010410
 0. 0. 0.
 BODY398      m=0.0000000100000000 r=0.000006
 0.2086258071960594 0.4338894877869210 0.0004580805556846
 -0.0223436892812842 0.0107434205006643 0.0000283660437823
 0. 0. 0.
 BODY399      m=0.0000000100000000 r=0.000008
 -0.1750911643806971 0.5642177208479219 -0.0000918139035358
 -0.0213756085920422 -0.0066334000409101 -0.0000180237200684
 0. 0. 0.
 BODY400      m=0.0000000100000000 r=0.000008
 0.5257404981918696 0.2249306125310484 0.0006650832487048
 -0.0089481058339806 0.0209147650992319 0.0000160796672259
 0. 0. 0.
 BODY401      m=0.0000000100000000 r=0.000007
 0.0524600860318170 -0.4855736842965206 0.0005601799031694
 0.0244727129350402 0.0026439644658479 -0.0000018907734701
 0. 0. 0.
 BODY402      m=0.0000000100000000 r=0.000006
 0.0007585553397892 -0.4568953643290490 -0.0010396667408604
 0.0254494046226052 0.0000420682448714 0.0000807909885280
 0. 0. 0.
 BODY403      m=0.0000000100000000 r=0.000008
 -0.5712803718172618 -0.0258025577194553 -0.0010701385123687
 0.0010261321847584 -0.0227244729343452 0.0001311498357990
 0. 0. 0.
 BODY404      m=0.0000000100000000 r=0.000008
 -0.1077996613419715 -0.5589254854431291 -0.0003334705072690
 0.0223876902761213 -0.0043179771455756 0.0001260748024776
 0. 0. 0.
 BODY405      m=0.0000000100000000 r=0.000006
 0.2921003370498014 0.3503495157341392 -0.0013073496324533
 -0.0195627955915797 0.0163106159458313 0.0000896562081055
 0. 0. 0.
 BODY406      m=0.0000000100000000 r=0.000006
 0.3672409600252420 -0.2927274136248322 0.0007495052528872
 0.0156464181824621 0.0196291835622942 -0.0000073362078731
 0. 0. 0.
 BODY407      m=0.0000000100000000 r=0.000007
 -0.4080015802559958 0.2676102117901776 -0.0001142597324452
 -0.0135066611375815 -0.0205923786043922 0.0000725411341035
 0. 0. 0.
 BODY408      m=0.0000000100000000 r=0.000005
 0.3988110654782653 -0.0474849802137836 0.0006112539269069
 0.0032094729182481 0.0269533916704231 -0.0001505822403714
 0. 0. 0.
 BODY409      m=0.0000000100000000 r=0.000007
 0.1197242870395901 -0.4792390578064184 -0.0001443853413830
 0.0237461926241706 0.0059323188483673 -0.0000201797854626
 0. 0. 0.
 BODY410      m=0.0000000100000000 r=0.000008
 0.2533450146309597 -0.5306890462863756 -0.0033185531167526
 0.0202436529853479 0.0096644858567711 -0.0000627443387767
 0. 0. 0.
 BODY411      m=0.0000000100000000 r=0.000007
 -0.4493833672421956 -0.3051843935914649 0.0012014293992612
 0.0131127603814024 -0.0193084581982197 0.0000135735190278
 0. 0. 0.
 BODY412      m=0.0000000100000000 r=0.000006
 -0.1291842621188113 0.4650846254434027 -0.0006698023409999
 -0.0238569678388200 -0.0066266005761685 0.0000220060739328
 0. 0. 0.
 BODY413      m=0.0000000100000000 r=0.000006
 -0.1743449641989945 0.4462154628268202 0.0000862055815429
 -0.0231491949757248 -0.0090448121494653 -0.0001221478096919
 0. 0. 0.
 BODY414      m=0.0000000100000000 r=0.000006
 -0.3112597491934747 -0.3127567921810303 -0.0002120531367566
 0.0183556040147597 -0.0182678119106813 0.0001016321785051
 0. 0. 0.
 BODY415      m=0.0000000100000000 r=0.000007
 0.4975026613120351 -0.0066817887390846 0.0014011912533527
 0.0003276806518359 0.0243854623946492 -0.0000595838167512
 0. 0. 0.
 BODY416      m=0.0000000100000000 r=0.000006
 0.3116760754475961 0.3421999073737433 -0.0001001963174962
 -0.0186934658689922 0.0170260341847650 0.0000123997339606
 0. 0. 0.
 BODY417      m=0.0000000100000000 r=0.000007
 0.3442921413490237 -0.3821940714881353 0.0002700863264757
 0.0178204907598176 0.0160532411555392 -0.0000049086960534
 0. 0. 0.
 BODY418      m=0.0000000100000000 r=0.000007
 0.4940144149092116 0.2206909509902850 0.0004792815385637
 -0.0095388213814595 0.0213526168306407 -0.0000293163807765
 0. 0. 0.
 BODY419      m=0.0000000100000000 r=0.000008
 0.4790171585785019 0.3556327610326434 -0.0023962809017651
 -0.0132759766811500 0.0178818328606517 -0.0000229666735093
 0. 0. 0.
 BODY420      m=0.0000000100000000 r=0.000006
 0.3070495172914190 0.3624975935485653 -0.0001196466585837
 -0.0190444331113888 0.0161313914956270 0.0000551943030925
 0. 0. 0.
 BODY421      m=0.0000000100000000 r=0.000008
 0.5710848359547561 -0.1128992068628056 0.0012549802089035
 0.0043726412282226 0.0221182730819466 -0.0000108450967547
 0. 0. 0.
 BODY422      m=0.0000000100000000 r=0.000006
 0.4326036346666193 0.0960932716309096 -0.0012215126259385
 -0.0056036920502522 0.0252262810174925 -0.0000832365035121
 0. 0. 0.
 BODY423      m=0.0000000100000000 r=0.000006
 -0.2701967801864715 -0.3916230405648887 0.0003568763161789
 0.0205275247065282 -0.0141627825041024 -0.0000024272095784
 0. 0. 0.
 BODY424      m=0.0000000100000000 r=0.000007
 0.3061805183351026 0.3929656497108378 0.0000600412431859
 -0.0192257914933145 0.0149798402576205 0.0000024220893012
 0. 0. 0.
 BODY425      m=0.0000000100000000 r=0.000006
 0.3635965546876626 -0.3012691331740260 -0.0025965262542897
 0.0159723015126159 0.0192762739198492 0.0000490908810988
 0. 0. 0.
 BODY426      m=0.0000000100000000 r=0.000006
 0.1045630605627134 0.4470860670698397 -0.0014555481448991
 -0.0247190415462723 0.0057818423668453 0.0001941027897522
 0. 0. 0.
 BODY427      m=0.0000000100000000 r=0.000007
 -0.5073393762165650 -0.1846112547979634 -0.0023933346575491
 0.0080057753564841 -0.0220005645997511 -0.0000389575543128
 0. 0. 0.
 BODY428      m=0.0000000100000000 r=0.000008
 0.4752824769053037 -0.3353651862839122 -0.0031177103261619
 0.0130037488197753 0.0184289316115324 0.0000102207064968
 0. 0. 0.
 BODY429      m=0.0000000100000000 r=0.000006
 0.2087669925526840 -0.4102033718927277 0.0004268427434962
 0.0225976923665172 0.0115008443261478 0.0000769562353483
 0. 0. 0.
 BODY430      m=0.0000000100000000 r=0.000007
 -0.1499705025012405 -0.4960110985906875 -0.0018453565700753
 0.0228743796157708 -0.0069159327539291 -0.0000557086512545
 0. 0. 0.
 BODY431      m=0.0000000100000000 r=0.000006
 -0.3359695346244644 0.2645978668407863 -0.0010795806031226
 -0.0162755297051856 -0.0206657638009378 -0.0000323065695468
 0. 0. 0.
 BODY432      m=0.0000000100000000 r=0.000006
 -0.4351764831638667 -0.0951420395019155 -0.0003133131836160
 0.0055049909490044 -0.0251795726514932 -0.0000214009090385
 0. 0. 0.
 BODY433      m=0.0000000100000000 r=0.000007
 -0.5116559608633873 0.2132910993652628 0.0004980290025958
 -0.0088900566337083 -0.0213260998852338 0.0000337744285822
 0. 0. 0.
 BODY434      m=0.0000000100000000 r=0.000006
 0.3972436678640641 0.2049283485808806 -0.0011756569823702
 -0.0117964800248499 0.0228663826039235 -0.0000909856510262
 0. 0. 0.
 BODY435      m=0.0000000100000000 r=0.000007
 -0.4798985696025459 -0.1598409976425421 -0.0000827210960157
 0.0076433991988171 -0.0229481508997171 -0.0000121921883870
 0. 0. 0.
 BODY436      m=0.0000000100000000 r=0.000006
 0.4672577600266026 -0.1137733512558655 0.0017112278063379
 0.0058684071453401 0.0241017915035840 0.0000483938940478
 0. 0. 0.
 BODY437      m=0.0000000100000000 r=0.000008
 0.4889033755429736 -0.2799930389814645 0.0008058344653151
 0.0113895849031169 0.0198876813991424 0.0000072571652798
 0. 0. 0.
 BODY438      m=0.0000000100000000 r=0.000006
 0.2691346897920119 -0.3201606372127186 -0.0006869864142230
 0.0203608322529097 0.0171159053282539 -0.0000478671362686
 0. 0. 0.
 BODY439      m=0.0000000100000000 r=0.000007
 -0.2808240215172274 -0.4678378365085149 0.0007587576300834
 0.0199669900418562 -0.0119854029528023 -0.0000191707769872
 0. 0. 0.
 BODY440      m=0.0000000100000000 r=0.000008
 -0.1949359801787711 0.5644333991136974 -0.0008532444569916
 -0.0210416306628123 -0.0072670879453844 -0.0000190483001209
 0. 0. 0.
 BODY441      m=0.0000000100000000 r=0.000006
 -0.1731157413544857 -0.3726339659125020 0.0011050555194187
 0.0243384686297073 -0.0113070283264997 -0.0000097440569508
 0. 0. 0.
 BODY442      m=0.0000000100000000 r=0.000006
 0.2484936384116722 -0.3351458840929138 0.0001485262533952
 0.0213932321804226 0.0158620126774689 0.0000414767375959
 0. 0. 0.
 BODY443      m=0.0000000100000000 r=0.000006
 -0.3823272700280697 -0.2156517597600515 0.0002309553356249
 0.0127560262417670 -0.0226150588709925 -0.0000023952054743
 0. 0. 0.
 BODY444      m=0.0000000100000000 r=0.000006
 -0.4194002328582642 0.0300087557464327 0.0016465845838552
 -0.0018933693353352 -0.0264612459229877 -0.0000063613355497
 0. 0. 0.
 BODY445      m=0.0000000100000000 r=0.000007
 -0.4196423795650769 -0.3387987545496910 -0.0002240719308109
 0.0147143482981192 -0.0182254705644094 0.0000115799059147
 0. 0. 0.
 BODY446      m=0.0000000100000000 r=0.000008
 -0.1299259861078494 0.5549218643423131 -0.0005272535201599
 -0.0221865656605290 -0.0051945996967827 0.0000274508174112
 0. 0. 0.
 BODY447      m=0.0000000100000000 r=0.000007
 -0.1806709133294718 -0.5063367280589105 -0.0001055147048527
 0.0220970382088191 -0.0078846515739534 -0.0000321777281605
 0. 0. 0.
 BODY448      m=0.0000000100000000 r=0.000008
 0.3836253494221138 0.4349761428061004 -0.0000732948184176
 -0.0169409258439985 0.0149409894317145 0.0000730785061585
 0. 0. 0.
 BODY449      m=0.0000000100000000 r=0.000006
 -0.0459919238419755 -0.4538845611183239 -0.0006654458685190
 0.0253389588656089 -0.0025675178619420 -0.0000462072911974
 0. 0. 0.
 BODY450      m=0.0000000100000000 r=0.000008
 -0.5876294459169360 -0.1146939140595994 0.0005053142892264
 0.0042588977847098 -0.0218202522826737 0.0000071349221549
 0. 0. 0.
 BODY451      m=0.0000000100000000 r=0.000008
 0.5346602469856556 0.2359438028536631 0.0022011656142087
 -0.0090850130047011 0.0205869971505781 0.0000094949313766
 0. 0. 0.
 BODY452      m=0.0000000100000000 r=0.000008
 -0.0178269489399203 -0.5667179502768050 0.0000532922975697
 0.0228340981852841 -0.0007182820233964 -0.0000190192906031
 0. 0. 0.
 BODY453      m=0.0000000100000000 r=0.000007
 0.2309069089083525 -0.4622505542306863 0.0016072749400954
 0.0214086977072993 0.0106942556132204 0.0000058315784627
 0. 0. 0.
 BODY454      m=0.0000000100000000 r=0.000007
 -0.0826969929145276 0.4970665610883105 -0.0004234674424999
 -0.0239050241937796 -0.0039770758234296 0.0000052274030588
 0. 0. 0.
 BODY455      m=0.0000000100000000 r=0.000007
 0.2947583199608713 0.3972383085274369 0.0005588057970318
 -0.0196422168227007 0.0145749157754179 -0.0000144210931237
 0. 0. 0.
 BODY456      m=0.0000000100000000 r=0.000006
 -0.1280260045964063 0.4507765624244963 0.0001400024319596
 -0.0241735907782079 -0.0068655980549083 0.0000174718204751
 0. 0. 0.
 BODY457      m=0.0000000100000000 r=0.000005
 -0.2971049956915039 0.2757999629772759 0.0007500391848156
 -0.0183815765192717 -0.0198014147816225 -0.0000383298535541
 0. 0. 0.
 BODY458      m=0.0000000100000000 r=0.000007
 -0.1606803558964219 0.5314335817187520 0.0017969828857092
 -0.0220984794103516 -0.0066819532379195 0.0001239887600030
 0. 0. 0.
 BODY459      m=0.0000000100000000 r=0.000008
 0.5048234380848028 0.3111932341463043 0.0013350628308208
 -0.0117218637081810 0.0190156331174114 -0.0000485604272240
 0. 0. 0.
 BODY460      m=0.0000000100000000 r=0.000006
 -0.0856510216960658 -0.4348450656396038 -0.0014315168357597
 0.0253525228998336 -0.0049938784425395 0.0000656018820744
 0. 0. 0.
 BODY461      m=0.0000000100000000 r=0.000007
 -0.0081984807396932 0.4978084390855690 0.0000371552135910
 -0.0243764345548266 -0.0004014591478520 0.0000006068775908
 0. 0. 0.
 BODY462      m=0.0000000100000000 r=0.000007
 -0.4604440508551094 0.2420880420464677 -0.0014588135260344
 -0.0110994624607359 -0.0211105128086289 0.0000539790015487
 0. 0. 0.
 BODY463      m=0.0000000100000000 r=0.000007
 0.1434835114929551 -0.5225339101594710 -0.0005452264700687
 0.0225348459306723 0.0061878745728316 0.0000083065804370
 0. 0. 0.
 BODY464      m=0.0000000100000000 r=0.000007
 0.1881500693749336 0.4995373188257060 -0.0008856014270850
 -0.0220339116195964 0.0082988621430871 -0.0001023661023698
 0. 0. 0.
 BODY465      m=0.0000000100000000 r=0.000008
 0.0485395266420404 0.5644452776269669 0.0003827982024026
 -0.0227708187878636 0.0019581657122748 0.0000192689254412
 0. 0. 0.
 BODY466      m=0.0000000100000000 r=0.000007
 -0.2891056892862118 -0.3937091996667452 -0.0000790247057535
 0.0198392716825999 -0.0145682162531809 -0.0000702707145415
 0. 0. 0.
 BODY467      m=0.0000000100000000 r=0.000006
 0.4387469960888247 -0.1073414829585117 -0.0001820942106421
 0.0060827522309739 0.0248626446586829 -0.0000213001892732
 0. 0. 0.
 BODY468      m=0.0000000100000000 r=0.000007
 0.4871290178953399 0.1112301596954373 -0.0006537559245051
 -0.0054174891663422 0.0237251147444598 -0.0001038235181226
 0. 0. 0.
 BODY469      m=0.0000000100000000 r=0.000008
 0.3570598693510353 -0.4416145085940349 -0.0006494804876410
 0.0177508023733770 0.0143521902867409 -0.0000558668255422
 0. 0. 0.
 BODY470      m=0.0000000100000000 r=0.000008
 0.5918838147394698 0.0303628853875397 -0.0002402043737113
 -0.0011447766630331 0.0223159482910457 0.0000075016724283
 0. 0. 0.
 BODY471      m=0.0000000100000000 r=0.000007
 0.4347002079879782 0.3415509622395273 -0.0000078288860836
 -0.0142941196129511 0.0181924732928488 -0.0000012856813951
 0. 0. 0.
 BODY472      m=0.0000000100000000 r=0.000008
 -0.5196573299819996 0.2903335345764993 0.0014094112139549
 -0.0108748581009786 -0.0194645081583814 -0.0000001931811585
 0. 0. 0.
 BODY473      m=0.0000000100000000 r=0.000007
 0.5541320871841618 0.0566298458442524 0.0027308260628277
 -0.0023433749624127 0.0229295740203181 0.0000150199723160
 0. 0. 0.
 BODY474      m=0.0000000100000000 r=0.000007
 0.4341484415051742 -0.2937670747791308 -0.0000226598557088
 0.0133151605932537 0.0196780327735681 -0.0000840846812342
 0. 0. 0.
 BODY475      m=0.0000000100000000 r=0.000007
 0.4029750801419071 -0.2970009547342717 0.0017245062232484
 0.0144249523049398 0.0195718195532082 -0.0000273805544701
 0. 0. 0.
 BODY476      m=0.0000000100000000 r=0.000006
 0.3909428836259510 0.1523355254140166 0.0006368290046752
 -0.0096419127411042 0.0247448760892519 -0.0001358758524247
 0. 0. 0.
 BODY477      m=0.0000000100000000 r=0.000007
 -0.5038910772910487 -0.1373983292332471 0.0009194389587106
 0.0062620262630316 -0.0229640379873038 0.0001726137422878
 0. 0. 0.
 BODY478      m=0.0000000100000000 r=0.000006
 -0.0940209037051454 -0.4089370685934620 -0.0007022019620322
 0.0258810744166740 -0.0059505099110858 0.0000314356284268
 0. 0. 0.
 BODY479      m=0.0000000100000000 r=0.000006
 -0.2920362510185759 0.3452113671862085 -0.0011238961774015
 -0.0195309130436477 -0.0165225481880320 -0.0000327656189336
 0. 0. 0.
 BODY480      m=0.0000000100000000 r=0.000008
 0.5038301149982776 -0.2799995181286899 0.0000745403709935
 0.0110066095681507 0.0198052503384821 -0.0000109104560801
 0. 0. 0.
 BODY481      m=0.0000000100000000 r=0.000006
 -0.4213342170755680 -0.1137289824195837 0.0008621858971368
 0.0067861281963833 -0.0251399511183075 0.0001008504484680
 0. 0. 0.
 BODY482      m=0.0000000100000000 r=0.000007
 -0.4575121254575219 0.1852514454311687 -0.0001899138954377
 -0.0091895671001154 -0.0226953374638480 -0.0000299805218248
 0. 0. 0.
 BODY483      m=0.0000000100000000 r=0.000006
 0.3317820058689447 -0.2696274364560897 -0.0003712838328932
 0.0165922564813614 0.0204172426671172 -0.0000987453677846
 0. 0. 0.
 BODY484      m=0.0000000100000000 r=0.000008
 -0.4399892101372404 -0.3800834588492376 0.0005101510273945
 0.0147478679783531 -0.0170722724041370 0.0000282999000944
 0. 0. 0.
 BODY485      m=0.0000000100000000 r=0.000006
 -0.2959581831818742 0.3113175909561472 -0.0008524458438407
 -0.0190229861557850 -0.0180843908611067 0.0000227868680460
 0. 0. 0.
 BODY486      m=0.0000000100000000 r=0.000007
 -0.0230757396455483 0.5548898466418487 0.0005550477559799
 -0.0230633556031315 -0.0009591607922167 0.0000443126688879
 0. 0. 0.
 BODY487      m=0.0000000100000000 r=0.000006
 -0.1872158150562887 0.3838279362360293 -0.0000137034933215
 -0.0236594511566015 -0.0115401278023585 -0.0000004532916957
 0. 0. 0.
 BODY488      m=0.0000000100000000 r=0.000008
 -0.5503993312955247 -0.1115601243235021 -0.0000810431230232
 0.0045600308680507 -0.0224976251556297 -0.0000010009049306
 0. 0. 0.
 BODY489      m=0.0000000100000000 r=0.000007
 -0.3598404727947065 0.3265278959454217 -0.0007863012405412
 -0.0165836674597074 -0.0182754355670687 0.0000447871228428
 0. 0. 0.
 BODY490      m=0.0000000100000000 r=0.000006
 0.2343525558747448 0.4228577546119459 0.0001223766002202
 -0.0216395493047658 0.0119928884793029 -0.0000180273030740
 0. 0. 0.
 BODY491      m=0.0000000100000000 r=0.000006
 -0.1367956315321844 -0.4140313303757196 0.0006579444124247
 0.0247357804735308 -0.0081725986353282 0.0000529310770916
 0. 0. 0.
 BODY492      m=0.0000000100000000 r=0.000008
 0.5333968436126221 -0.2269356407179574 -0.0004557089229636
 0.0088455781981361 0.0207909315792369 0.0000002452378842
 0. 0. 0.
 BODY493      m=0.0000000100000000 r=0.000007
 0.1690453640309406 -0.4765932607373618 0.0017223480476689
 0.0227990209116508 0.0080865387477026 -0.0000458210014859
 0. 0. 0.
 BODY494      m=0.0000000100000000 r=0.000006
 -0.4295658048067686 -0.1932693832330399 0.0018838501375478
 0.0102842054717625 -0.0228573574491917 0.0000613762905584
 0. 0. 0.
 BODY495      m=0.0000000100000000 r=0.000007
 -0.4021987011986222 0.2955474441017064 0.0000166828333309
 -0.0144185220765617 -0.0196215904530284 0.0000033091635940
 0. 0. 0.
 BODY496      m=0.0000000100000000 r=0.000006
 -0.3777636997075302 0.1948683294437638 0.0002107878219054
 -0.0120961964750973 -0.0234492308808140 0.0000403992190886
 0. 0. 0.
 BODY497      m=0.0000000100000000 r=0.000007
 0.5069991571065472 -0.0237455867048835 -0.0000804837584826
 0.0011296570921317 0.0241197150424499 -0.0000197717828468
 0. 0. 0.
 BODY498      m=0.0000000100000000 r=0.000007
 0.0250691487169167 -0.4916299468676940 -0.0009648853706942
 0.0244863537493088 0.0012485660940816 0.0000202730633989
 0. 0. 0.
 BODY499      m=0.0000000100000000 r=0.000006
 -0.0767699596349529 0.4776700097632501 -0.0001718714507930
 -0.0244185039165517 -0.0039244830694867 -0.0000017809695927
 0. 0. 0.
 BODY500      m=0.0000000100000000 r=0.000006
 0.2282536586643845 -0.4181323900167423 -0.0011239692111703
 0.0218763960096133 0.0119421970463122 -0.0000462338645262
 0. 0. 0.
 BODY501      m=0.0000000100000000 r=0.000006
 -0.2530371116003098 -0.3390105730942871 -0.0000017540251514
 0.0211954813907531 -0.0158202835426877 0.0000001290634849
 0. 0. 0.
