 502
 1 1.0000000000000000
 .0 .0 .0
 .0 .0 .0
 2 0.0000500000000000 0.000326
 0.000160
 0.5000000000000000 0.0000000000000000 0.0000000000000000
 0.0000000000000000 1.4142448320667105 -0.0033992605963224
 3 0.0000000100000000 0.000001
 0.000040
 0.4833502759612048 -0.0140290941448719 -0.0002621683468421
 0.0417220149564605 1.4374563685786623 0.0005214928824078
 4 0.0000000100000000 0.000001
 0.000040
 0.0627364784824415 0.5213101236664516 -0.0003587399880190
 -1.3701502293604455 0.1648881520105058 -0.0014982055874746
 5 0.0000000100000000 0.000001
 0.000040
 -0.2282743452618642 0.3428826879310077 0.0004797341952181
 -1.2969610612432505 -0.8634510944691777 -0.0010524929812929
 6 0.0000000100000000 0.000001
 0.000040
 0.3098195538969641 0.2760768381356350 -0.0000903414291297
 -1.0327405812261046 1.1589629646254145 -0.0043764713556888
 7 0.0000000100000000 0.000001
 0.000040
 0.2339714615886982 0.5509119901637887 -0.0017156526778126
 -1.1897139350557151 0.5052783807248701 0.0028036294931771
 8 0.0000000100000000 0.000001
 0.000040
 0.2577099826077483 -0.4551555361467312 -0.0010501707025958
 1.2032202289390823 0.6812598899098323 0.0025270425108336
 9 0.0000000100000000 0.000001
 0.000040
 0.0460622772587441 0.5366307100862163 -0.0002658935576814
 -1.3575978387205365 0.1165306572804412 -0.0004463808803966
 10 0.0000000100000000 0.000001
 0.000040
 -0.3518200077048978 0.2943724296526271 0.0002669142229988
 -0.9474589472183862 -1.1323615329975478 0.0037525284468170
 11 0.0000000100000000 0.000001
 0.000040
 -0.3078859735934038 -0.3508046614871460 -0.0008553261926098
 1.1001084939538424 -0.9655162728540470 -0.0004272761203562
 12 0.0000000100000000 0.000001
 0.000040
 0.2496825733340980 -0.5162146268122536 0.0000923943331150
 1.1888096161929014 0.5750028296769227 -0.0018728172692057
 13 0.0000000100000000 0.000001
 0.000040
 -0.1180506320897254 -0.4261050093288080 0.0003800495932105
 1.4492860720834557 -0.4015183308977268 0.0004335103285666
 14 0.0000000100000000 0.000001
 0.000040
 0.2960834751094397 -0.3644972869193794 0.0011474962116408
 1.1326376118690109 0.9200739184873268 0.0079886033489945
 15 0.0000000100000000 0.000001
 0.000040
 -0.1474530355611134 -0.4042238339712840 -0.0000252379055376
 1.4321771347832895 -0.5224302888342106 -0.0036314314520386
 16 0.0000000100000000 0.000001
 0.000040
 0.1189262271680621 0.4740788360635287 0.0012702202071026
 -1.3873809762362554 0.3480328403084483 0.0007725457381721
 17 0.0000000100000000 0.000001
 0.000040
 0.4947589108923702 -0.2679466349754377 0.0006856993042626
 0.6348691920776456 1.1722729749623402 -0.0008620654077026
 18 0.0000000100000000 0.000001
 0.000040
 -0.2356182768951413 -0.5408280317853021 -0.0018077605683346
 1.1936132548096938 -0.5200110566545338 -0.0002998740010280
 19 0.0000000100000000 0.000001
 0.000040
 -0.0180113996395823 0.5710483859684347 -0.0024883723280372
 -1.3223184152497207 -0.0416908633871935 0.0037394648902027
 20 0.0000000100000000 0.000001
 0.000040
 -0.4329785687946917 -0.2458078835954800 0.0008513324527293
 0.6996818916693558 -1.2324410432416784 0.0041576837654924
 21 0.0000000100000000 0.000001
 0.000040
 0.5436869624663198 -0.2154134887315596 -0.0029116288227960
 0.4816910890716684 1.2156886803627491 0.0046108954403881
 22 0.0000000100000000 0.000001
 0.000040
 0.3220325993049760 0.2505012002935971 0.0021044188678928
 -0.9612109124706129 1.2357372662833268 -0.0059017852730145
 23 0.0000000100000000 0.000001
 0.000040
 0.1104707644908582 -0.4230773162937267 -0.0000549859433154
 1.4632091884051819 0.3820618767682233 0.0022582484997634
 24 0.0000000100000000 0.000001
 0.000040
 0.4206225536214573 0.3232171592705450 -0.0005895651129247
 -0.8365790207662913 1.0886981777400870 0.0032707011864186
 25 0.0000000100000000 0.000001
 0.000040
 0.1498714655514204 -0.5425858036028672 -0.0012682478210437
 1.2847438119448478 0.3548674131200583 0.0003291423556083
 26 0.0000000100000000 0.000001
 0.000040
 0.4468971182257053 -0.2629028228676724 0.0002482125558084
 0.7041748703630787 1.1969974244570605 0.0011343619357111
 27 0.0000000100000000 0.000001
 0.000040
 -0.5086715644140477 -0.0202340736266731 0.0002051999911130
 0.0557083042615249 -1.4004429423981004 0.0027518184703182
 28 0.0000000100000000 0.000001
 0.000040
 -0.0379543189587895 0.5372348138143020 -0.0006889687450539
 -1.3592390193274868 -0.0960286689796177 -0.0013829644949513
 29 0.0000000100000000 0.000001
 0.000040
 0.4734635566592005 -0.0712638990731266 -0.0012235300657459
 0.2151090173418524 1.4290830433848218 0.0034740864696020
 30 0.0000000100000000 0.000001
 0.000040
 0.0158572664296735 0.5726342057936260 0.0005943144782603
 -1.3207220787972400 0.0365741622992165 -0.0009666561390322
 31 0.0000000100000000 0.000001
 0.000040
 0.2138829147310945 -0.3871175620270056 0.0000526432568849
 1.3161508052512088 0.7271752551644364 0.0026877671535234
 32 0.0000000100000000 0.000001
 0.000040
 0.3835121747450614 -0.2029812796684580 -0.0002785850753414
 0.7101458589586847 1.3417475685234945 -0.0001999227559854
 33 0.0000000100000000 0.000001
 0.000040
 -0.0899439062063723 -0.4056517428796522 -0.0007219641604666
 1.5145559275346003 -0.3358306949587774 0.0072447253230146
 34 0.0000000100000000 0.000001
 0.000040
 0.3461714801598884 0.2994813827629854 -0.0010263343529891
 -0.9670276781511509 1.1178056411384785 0.0044589438514719
 35 0.0000000100000000 0.000001
 0.000040
 0.1210958181697369 0.4797919543254869 -0.0005505885723773
 -1.3783417969514173 0.3478867924479105 0.0033716886326600
 36 0.0000000100000000 0.000001
 0.000040
 -0.0998867733746636 -0.4809553439984287 -0.0034162105218531
 1.3969590318606224 -0.2901576253365806 0.0044289654498952
 37 0.0000000100000000 0.000001
 0.000040
 -0.0723869816729827 -0.5260105952890854 0.0004480664591879
 1.3595396038283207 -0.1870925640120501 0.0006637762522987
 38 0.0000000100000000 0.000001
 0.000040
 -0.2975293828218598 0.2713827255380973 0.0009708012345996
 -1.0619410659060353 -1.1642443759638130 -0.0029439504686540
 39 0.0000000100000000 0.000001
 0.000040
 0.2526512857863266 -0.4149053406678959 0.0004795738554859
 1.2254363581730394 0.7462189857572900 0.0045268454970900
 40 0.0000000100000000 0.000001
 0.000040
 0.1706299229164925 0.4916186095794712 -0.0014682146394849
 -1.3095919366879685 0.4545353836362386 0.0016905558113039
 41 0.0000000100000000 0.000001
 0.000040
 0.3839432238207769 -0.4585491830545622 -0.0019076979644812
 0.9914380701343036 0.8301179759752265 0.0031499450013497
 42 0.0000000100000000 0.000001
 0.000040
 0.0628535756415208 0.4560223044673347 0.0006049340076577
 -1.4600813075554600 0.2012433190175420 -0.0001838048867890
 43 0.0000000100000000 0.000001
 0.000040
 0.4536588682720186 0.2250197552745654 0.0000881599966323
 -0.6244220730468513 1.2588855789388991 0.0055137365047847
 44 0.0000000100000000 0.000001
 0.000040
 -0.5306742910063255 -0.2691301092413705 0.0012450401789902
 0.5863545194040928 -1.1561980447064402 -0.0035639117968832
 45 0.0000000100000000 0.000001
 0.000040
 0.3053392445780084 -0.3516067688624605 0.0023930332312756
 1.1064278259519509 0.9608196374621314 -0.0021513987055863
 46 0.0000000100000000 0.000001
 0.000040
 0.3823550518973517 -0.2735658557421460 0.0001628600559507
 0.8486285258779032 1.1861017216593972 -0.0028955573560123
 47 0.0000000100000000 0.000001
 0.000040
 -0.4082636312823288 -0.3410202113407604 0.0004081958056331
 0.8789624303242064 -1.0522782734858571 0.0005741153162413
 48 0.0000000100000000 0.000001
 0.000040
 -0.2935784330119482 0.4924455186040658 -0.0011132267717305
 -1.1344011557271678 -0.6762912378330884 -0.0007865753843030
 49 0.0000000100000000 0.000001
 0.000040
 0.2219648012240069 0.4201394570713621 -0.0001117711563742
 -1.2826890277065117 0.6776601865637886 -0.0002881360753026
 50 0.0000000100000000 0.000001
 0.000040
 0.5375055271699852 -0.0478938128178039 -0.0004927387307748
 0.1208153170520860 1.3559140837060724 -0.0020185946226645
 51 0.0000000100000000 0.000001
 0.000040
 -0.1198919401631877 -0.4160733518455293 -0.0002218971590983
 1.4602740334211759 -0.4207793783401750 -0.0000031695478749
 52 0.0000000100000000 0.000001
 0.000040
 -0.4022995681446945 0.3708515468751423 -0.0011614271793221
 -0.9162918669728616 -0.9940022475183923 -0.0029693741864325
 53 0.0000000100000000 0.000001
 0.000040
 -0.5072636674482344 -0.2722021541820159 -0.0017466124481398
 0.6231742512090859 -1.1613379736251539 0.0028867460101342
 54 0.0000000100000000 0.000001
 0.000040
 0.0034385317653611 0.4470691357331711 0.0002715241760639
 -1.4955174889986385 0.0114997782564735 0.0043770147740424
 55 0.0000000100000000 0.000001
 0.000040
 0.3534647768491925 0.4162106751484175 0.0002899147660781
 -1.0314939909648668 0.8759908116982318 0.0002282634625646
 56 0.0000000100000000 0.000001
 0.000040
 0.3329301496188415 0.2453919826067370 -0.0002762711232854
 -0.9225665129216181 1.2516754779085877 0.0033297866430290
 57 0.0000000100000000 0.000001
 0.000040
 -0.4534491989537279 0.2347634255784355 0.0018127437804460
 -0.6434036412385887 -1.2427518783216560 0.0010053132146081
 58 0.0000000100000000 0.000001
 0.000040
 -0.5199877536272720 0.2263076401455352 0.0005069048353066
 -0.5299200956794670 -1.2175956558123211 -0.0015005498476390
 59 0.0000000100000000 0.000001
 0.000040
 0.2746664368752473 -0.4238937314334369 -0.0015421113323981
 1.1808330126758777 0.7651294783850631 0.0010417626470244
 60 0.0000000100000000 0.000001
 0.000040
 -0.1068474042554613 -0.4302786643162719 0.0015760026710870
 1.4575565276170048 -0.3619716744925486 -0.0079676828777277
 61 0.0000000100000000 0.000001
 0.000040
 -0.5864139034539871 0.0259047192131015 0.0000017255952526
 -0.0576019917148064 -1.3039558081700813 0.0001557346618153
 62 0.0000000100000000 0.000001
 0.000040
 -0.5565346689496886 0.1679868003225949 -0.0001460837377485
 -0.3789967845358678 -1.2556033214520219 0.0004488488501299
 63 0.0000000100000000 0.000001
 0.000040
 -0.0821458259226088 0.5847967823209826 -0.0000434573278003
 -1.2886444255953864 -0.1810146403375441 -0.0004271152388538
 64 0.0000000100000000 0.000001
 0.000040
 -0.4028148597756943 0.0293367849126771 -0.0016637405168614
 -0.1143062613745377 -1.5693560506671416 0.0026444852387724
 65 0.0000000100000000 0.000001
 0.000040
 -0.3110337925189509 0.4295792085208753 -0.0009892466075700
 -1.1122147056844711 -0.8052844453759247 0.0029348856046679
 66 0.0000000100000000 0.000001
 0.000040
 0.2410771025357654 -0.5068998931648601 0.0015928429908320
 1.2053687962359241 0.5732659076630944 0.0010110638075241
 67 0.0000000100000000 0.000001
 0.000040
 0.3961019515490560 0.2225453019558590 0.0017378650123771
 -0.7266899172154534 1.2934098709185085 0.0005777800967360
 68 0.0000000100000000 0.000001
 0.000040
 -0.1348083835103280 0.5240865919697488 -0.0010976327490684
 -1.3165270725172313 -0.3386421601325560 0.0009756382433088
 69 0.0000000100000000 0.000001
 0.000040
 0.4546850887990974 -0.1420355211150606 0.0002866816665008
 0.4320191834460364 1.3829824755834241 -0.0001540928197603
 70 0.0000000100000000 0.000001
 0.000040
 -0.5318832473044763 0.1043291625996775 0.0000117697150049
 -0.2614473330845812 -1.3328915250573745 0.0000106477334137
 71 0.0000000100000000 0.000001
 0.000040
 0.0734585818692801 -0.5057531238248144 -0.0015384358716787
 1.3842965644671046 0.2010546277596330 0.0028967495378621
 72 0.0000000100000000 0.000001
 0.000040
 0.4999346695205348 0.2046591634894650 0.0021094826005313
 -0.5154553454244450 1.2591444489625632 -0.0006882586839161
 73 0.0000000100000000 0.000001
 0.000040
 0.0082116123064521 0.5312868068140603 0.0000607998980250
 -1.3716953370089406 0.0212009867851725 0.0004233507800881
 74 0.0000000100000000 0.000001
 0.000040
 0.2282332624978470 0.3334527867400918 0.0009133459556598
 -1.2981711346223654 0.8885371893879987 0.0006913171876151
 75 0.0000000100000000 0.000001
 0.000040
 -0.2776831979974674 0.3820907601554240 0.0003292338613397
 -1.1770047889727848 -0.8553744955735114 -0.0114284388507122
 76 0.0000000100000000 0.000001
 0.000040
 -0.2461613723281686 0.3355046904640160 -0.0004948495860280
 -1.2498708703675778 -0.9170338785382938 0.0015380808647873
 77 0.0000000100000000 0.000001
 0.000040
 -0.3083092222886636 0.4008958347269086 0.0000023524903945
 -1.1146580726846949 -0.8572285662047231 -0.0008105476178749
 78 0.0000000100000000 0.000001
 0.000040
 0.0965001374538588 0.5793615932787356 -0.0013422699082603
 -1.2870966458790343 0.2143814016184617 -0.0004863647191763
 79 0.0000000100000000 0.000001
 0.000040
 -0.3240636747926774 -0.2574913472460253 0.0008901115139416
 0.9669541250426971 -1.2169597098598790 -0.0021212158792931
 80 0.0000000100000000 0.000001
 0.000040
 -0.2769931260761808 0.4794878622698376 0.0029983670478502
 -1.1635850678185677 -0.6722258067386114 0.0063533399279417
 81 0.0000000100000000 0.000001
 0.000040
 0.4161984118439643 -0.3890921377259252 0.0001271735815564
 0.9047471436771580 0.9677766452858318 -0.0003189601723673
 82 0.0000000100000000 0.000001
 0.000040
 0.5304377169309890 0.1942289515403695 -0.0008311321908652
 -0.4574909591407412 1.2493921406102608 -0.0028086382648202
 83 0.0000000100000000 0.000001
 0.000040
 -0.0574609042707986 0.4607861706523440 0.0002799407278462
 -1.4562071498554363 -0.1815898709603084 -0.0031376900694608
 84 0.0000000100000000 0.000001
 0.000040
 -0.5174235890643080 0.1009935345497402 -0.0000125083171040
 -0.2638429696789407 -1.3517557274785830 -0.0009949583572450
 85 0.0000000100000000 0.000001
 0.000040
 -0.3906380624810890 -0.3106000468555143 -0.0001833678381258
 0.8809673203304053 -1.1079823662229924 0.0000422152479186
 86 0.0000000100000000 0.000001
 0.000040
 -0.4377243419023358 0.1649108435272158 -0.0010256466796000
 -0.5154886917718238 -1.3682529699570343 0.0021419946346273
 87 0.0000000100000000 0.000001
 0.000040
 -0.4179903491139432 0.0308080464139376 0.0000250450206373
 -0.1135402765349651 -1.5404661948427361 0.0005670777129482
 88 0.0000000100000000 0.000001
 0.000040
 0.4079336920389249 0.0249634729520327 -0.0008831320400293
 -0.0955441738715149 1.5613030624272806 -0.0001594680982117
 89 0.0000000100000000 0.000001
 0.000040
 -0.2046312893833432 0.4560233650268303 0.0011498744186006
 -1.2904483984012338 -0.5790844097868193 0.0086109734129110
 90 0.0000000100000000 0.000001
 0.000040
 0.1414430526089390 -0.5101425662227994 0.0002744653484730
 1.3244344529261696 0.3672147458841633 -0.0006528406163746
 91 0.0000000100000000 0.000001
 0.000040
 0.3971905962910473 -0.1793592714774395 0.0005008869835416
 0.6234146851733672 1.3805541677407573 0.0014758229783113
 92 0.0000000100000000 0.000001
 0.000040
 0.1482749914211930 0.5616707106522818 0.0005674276642973
 -1.2685729161635422 0.3348885506355463 0.0009658262389696
 93 0.0000000100000000 0.000001
 0.000040
 0.5100486237904759 -0.0707943845084544 0.0001636944727172
 0.1915874471354483 1.3803150293874218 -0.0022041899659776
 94 0.0000000100000000 0.000001
 0.000040
 0.5511993190360716 0.1914116209912771 -0.0001947385543335
 -0.4294520135946938 1.2366656258688360 -0.0076275615986536
 95 0.0000000100000000 0.000001
 0.000040
 0.5704222965588106 0.0027392934859881 -0.0011096604799790
 -0.0063545317275327 1.3240164906508003 0.0018953244198226
 96 0.0000000100000000 0.000001
 0.000040
 0.3044086876885811 0.3915465179875520 -0.0036924430675622
 -1.1210253038344080 0.8715174531736148 -0.0027671247003568
 97 0.0000000100000000 0.000001
 0.000040
 -0.4285651323398034 0.2813948577172664 -0.0006109983710999
 -0.7665368590913745 -1.1674395769490713 -0.0008562858464054
 98 0.0000000100000000 0.000001
 0.000040
 -0.3666493753801529 0.2964553149738497 -0.0016110802877379
 -0.9156209777116825 -1.1324539508551366 -0.0062896500340663
 99 0.0000000100000000 0.000001
 0.000040
 0.3156144776370021 0.2592767074337348 -0.0006606059681316
 -0.9931997086405622 1.2090272024162334 0.0066378578130173
 100 0.0000000100000000 0.000001
 0.000040
 0.4098172185005073 0.3989604954186299 -0.0016131064211298
 -0.9223441109624506 0.9474602278587023 0.0041558578610805
 101 0.0000000100000000 0.000001
 0.000040
 -0.0058583343877704 -0.5947071602612365 0.0002067507918785
 1.2966310473566245 -0.0127734353272880 -0.0017179972506759
 102 0.0000000100000000 0.000001
 0.000040
 -0.4180388933209029 -0.2827537282466756 -0.0010671678318156
 0.7886393374011292 -1.1659676102955927 -0.0002127224469956
 103 0.0000000100000000 0.000001
 0.000040
 -0.3724684705778671 -0.3389217239858389 -0.0004729441011597
 0.9483871520180159 -1.0422615768813208 0.0016459724618548
 104 0.0000000100000000 0.000001
 0.000040
 0.3511171955813146 -0.4249023557157313 -0.0009516344721566
 1.0382867501322399 0.8579947819324680 -0.0038587497080388
 105 0.0000000100000000 0.000001
 0.000040
 0.2696941875846744 -0.3108008660072646 -0.0012148258726924
 1.1774100805104983 1.0216780664035550 0.0018334301915480
 106 0.0000000100000000 0.000001
 0.000040
 -0.5110435045499100 -0.0790503807011625 0.0001852743151467
 0.2125756415333825 -1.3742598093637683 -0.0019445833456066
 107 0.0000000100000000 0.000001
 0.000040
 0.2393492993559601 0.3416700687715048 -0.0001879400300403
 -1.2680760559830686 0.8883215379364922 -0.0012481196606648
 108 0.0000000100000000 0.000001
 0.000040
 0.3896196279242570 0.1171574714343025 0.0007988342524508
 -0.4514573098998879 1.5013553434438212 0.0020446602261857
 109 0.0000000100000000 0.000001
 0.000040
 -0.1011094381235638 0.5371151759744347 0.0015051180767726
 -1.3292934518958150 -0.2502195240813975 -0.0049234099394269
 110 0.0000000100000000 0.000001
 0.000040
 -0.3914454036766185 0.1941063963944563 0.0003348492845568
 -0.6720830770471053 -1.3553612501745516 0.0013638528147523
 111 0.0000000100000000 0.000001
 0.000040
 -0.3330915433618357 -0.4483139840314211 -0.0012143570557803
 1.0740701802068064 -0.7980229688330527 0.0009572984426054
 112 0.0000000100000000 0.000001
 0.000040
 0.1304154075323779 -0.5747138635230304 -0.0016981034974262
 1.2703263213417122 0.2882772910375435 -0.0040226059625571
 113 0.0000000100000000 0.000001
 0.000040
 -0.4054949680898715 0.1912927650135475 0.0002737345365756
 -0.6371917203695993 -1.3506954939627676 0.0008746177198648
 114 0.0000000100000000 0.000001
 0.000040
 -0.5209835058462758 -0.2545803792037173 0.0025211459533868
 0.5765666464032994 -1.1798742108399185 0.0035256938995767
 115 0.0000000100000000 0.000001
 0.000040
 -0.4305403947714513 0.1546208621670299 -0.0011967158901578
 -0.4997228671634839 -1.3914865261595883 -0.0016427154758604
 116 0.0000000100000000 0.000001
 0.000040
 0.1770964512127269 0.5659809711081905 -0.0000316020599857
 -1.2392951271530139 0.3877776210506155 -0.0004584439308148
 117 0.0000000100000000 0.000001
 0.000040
 -0.3832061028138724 -0.2728502088119822 -0.0004844782313609
 0.8456626381870136 -1.1876911854419734 -0.0026748837537095
 118 0.0000000100000000 0.000001
 0.000040
 0.4123325785295371 0.0195618371689957 0.0012057335242801
 -0.0737655356283460 1.5546839505999352 0.0028689766784091
 119 0.0000000100000000 0.000001
 0.000040
 0.2821035309879296 -0.3085383904015468 0.0011691610768349
 1.1414071368594394 1.0436225087749356 0.0022455771271394
 120 0.0000000100000000 0.000001
 0.000040
 0.2330645818645252 0.4005730281461248 0.0001215052090269
 -1.2696662551607880 0.7387271557794437 0.0005028772117873
 121 0.0000000100000000 0.000001
 0.000040
 0.5048393554853374 -0.1851145148524320 -0.0009133885121195
 0.4694724387911250 1.2803568273035670 -0.0048933250182559
 122 0.0000000100000000 0.000001
 0.000040
 0.0406367824862065 -0.4781886802762572 0.0013816449405300
 1.4383196831639973 0.1222239539982151 -0.0018621642484075
 123 0.0000000100000000 0.000001
 0.000040
 -0.5402000506148357 0.0508021169166865 -0.0023203447093167
 -0.1271352271417179 -1.3515971950197838 0.0062307169990844
 124 0.0000000100000000 0.000001
 0.000040
 -0.3774539506417255 0.4538468839556266 -0.0009373238113858
 -1.0006961003499077 -0.8322627624118163 -0.0033765108973283
 125 0.0000000100000000 0.000001
 0.000040
 -0.0753458608092212 -0.4005068625616926 0.0005972847099805
 1.5394485104861571 -0.2896045819866472 0.0041030333597300
 126 0.0000000100000000 0.000001
 0.000040
 -0.0320878911533336 -0.4714887417547569 -0.0000502449711478
 1.4513066022332133 -0.0987708664178212 -0.0003334305457265
 127 0.0000000100000000 0.000001
 0.000040
 -0.3590328496048936 -0.2972354439277480 -0.0000991748432416
 0.9340615584113913 -1.1282594340239087 -0.0009002793493176
 128 0.0000000100000000 0.000001
 0.000040
 -0.1907874778010065 -0.5528763323683694 0.0002312903422901
 1.2360605520219083 -0.4265417076017373 0.0002604025273300
 129 0.0000000100000000 0.000001
 0.000040
 0.2718031692235613 -0.3797962466718673 0.0011039159664265
 1.1899418381922207 0.8515840755232188 -0.0013834414501242
 130 0.0000000100000000 0.000001
 0.000040
 -0.3243895628640941 -0.4179253361962562 0.0002429586022054
 1.0860702544161458 -0.8429972102639191 -0.0001541098158665
 131 0.0000000100000000 0.000001
 0.000040
 -0.1545737363114673 -0.4996424450962587 0.0000135463740192
 1.3209881027643768 -0.4086723878195130 -0.0003267429130367
 132 0.0000000100000000 0.000001
 0.000040
 -0.4493138721744631 -0.2318522136726781 0.0003087908856064
 0.6448981207054352 -1.2497629657459282 0.0044094496697996
 133 0.0000000100000000 0.000001
 0.000040
 -0.4180240871805854 0.4055398724906708 -0.0035297489442119
 -0.9123871051333132 -0.9404825193368855 -0.0009559299962919
 134 0.0000000100000000 0.000001
 0.000040
 0.3126272565123386 0.5086004150907288 -0.0001116536794119
 -1.1025901448545172 0.6777416112373238 -0.0006022537534703
 135 0.0000000100000000 0.000001
 0.000040
 -0.3470241590475462 0.3149264353337972 -0.0000602575216850
 -0.9816983331169756 -1.0817546018115598 -0.0013635832845950
 136 0.0000000100000000 0.000001
 0.000040
 -0.2444768893859512 0.3170674503346985 0.0009363090213706
 -1.2515546552710191 -0.9650167895985271 -0.0008287957996998
 137 0.0000000100000000 0.000001
 0.000040
 0.1896610168732757 -0.4201261225725536 -0.0018913242423798
 1.3424342786775016 0.6060297217413082 -0.0007755303660914
 138 0.0000000100000000 0.000001
 0.000040
 0.1624402409214382 -0.4020313216340062 0.0003808495361527
 1.4080346388780536 0.5689159429905268 0.0014244314507437
 139 0.0000000100000000 0.000001
 0.000040
 0.4424103685350261 -0.2518667024347140 -0.0007436468411904
 0.6934095187632874 1.2179917708941750 -0.0000136973250139
 140 0.0000000100000000 0.000001
 0.000040
 -0.0831882414971307 0.5450772950622805 -0.0002583867171891
 -1.3312852562261197 -0.2031776126882432 -0.0008674780721676
 141 0.0000000100000000 0.000001
 0.000040
 0.0515981431448675 -0.4663600457084277 0.0000000648858392
 1.4510297383319408 0.1605421408523873 0.0000021136007223
 142 0.0000000100000000 0.000001
 0.000040
 -0.5398883472185990 -0.1032024864567633 0.0003839030397614
 0.2532461694642086 -1.3248240093972807 -0.0012399379417852
 143 0.0000000100000000 0.000001
 0.000040
 0.4337915878628026 0.2554320522495527 0.0000005020080633
 -0.7151445147311959 1.2145056641180056 0.0006817635026844
 144 0.0000000100000000 0.000001
 0.000040
 0.4670457305181409 0.2031612639033204 -0.0015593777892489
 -0.5589184287997435 1.2849121884823931 0.0025127573726743
 145 0.0000000100000000 0.000001
 0.000040
 -0.0577079526954671 -0.5947826043250755 0.0015291627855508
 1.2875595138147680 -0.1249156822941809 0.0031054115947612
 146 0.0000000100000000 0.000001
 0.000040
 -0.1487620468294485 -0.4990890698551638 0.0003892759370814
 1.3279650553387377 -0.3958228585923002 -0.0001607396313902
 147 0.0000000100000000 0.000001
 0.000040
 -0.5814444175038163 -0.1310718076802852 -0.0011581027369128
 0.2848359750934157 -1.2635724709308229 0.0021071339763497
 148 0.0000000100000000 0.000001
 0.000040
 0.4146071350521673 -0.1628870057074612 -0.0015963946363759
 0.5478889186683880 1.3944991466285550 0.0080584334862723
 149 0.0000000100000000 0.000001
 0.000040
 0.5536635539377117 -0.1587025247301360 0.0001187473160551
 0.3630742700611043 1.2666514296963149 -0.0017756993333410
 150 0.0000000100000000 0.000001
 0.000040
 -0.3084421115452514 -0.4177241041415227 -0.0006256199440730
 1.1163830386194744 -0.8243190060409477 -0.0025948658203427
 151 0.0000000100000000 0.000001
 0.000040
 -0.4403246632924580 0.2898134483330277 -0.0021050072744434
 -0.7572353619092054 -1.1504772960794396 0.0026666702018701
 152 0.0000000100000000 0.000001
 0.000040
 -0.3957417669509266 -0.0794010751686764 0.0010395639199863
 0.3096302720708531 -1.5432561973276109 -0.0024725345603478
 153 0.0000000100000000 0.000001
 0.000040
 0.1232390871212497 0.5815612659651943 -0.0011614657426863
 -1.2688021605953375 0.2688712204251411 -0.0008030173877286
 154 0.0000000100000000 0.000001
 0.000040
 0.2812599395322138 0.4002475493288997 -0.0000180866497164
 -1.1698077853012396 0.8220414293668706 0.0000327742430607
 155 0.0000000100000000 0.000001
 0.000040
 -0.3750629553657214 -0.4241810671559575 -0.0006191934938073
 0.9955816525902081 -0.8802959294469296 -0.0015022162498893
 156 0.0000000100000000 0.000001
 0.000040
 -0.5275266884111728 0.0731906258743725 -0.0013493518174441
 -0.1883246995021921 -1.3572572256285076 0.0057800034468156
 157 0.0000000100000000 0.000001
 0.000040
 -0.0518791713635167 -0.5412475398678579 -0.0028998445479860
 1.3499466841622720 -0.1294193751283819 0.0047599241883883
 158 0.0000000100000000 0.000001
 0.000040
 0.3577584756964707 -0.2680232011463064 0.0000140282246302
 0.8967695185626630 1.1970116366449224 -0.0003813087351612
 159 0.0000000100000000 0.000001
 0.000040
 0.1011902323636127 0.5790642036474910 -0.0004496045193916
 -1.2848098322408188 0.2245169570987169 -0.0010509231020229
 160 0.0000000100000000 0.000001
 0.000040
 0.2097128921100321 -0.5443003633818726 0.0003396099806759
 1.2217891740062472 0.4707398619612751 -0.0031309613474753
 161 0.0000000100000000 0.000001
 0.000040
 -0.0485754507019602 0.5511355884506912 -0.0002986723195432
 -1.3391975429853704 -0.1180291409707770 0.0069111399959865
 162 0.0000000100000000 0.000001
 0.000040
 0.4775471183813123 -0.0183504737138614 -0.0001355908833619
 0.0555451915532747 1.4454757965898191 0.0020691425050005
 163 0.0000000100000000 0.000001
 0.000040
 -0.0454662239285281 -0.4592621188521220 -0.0007949674512181
 1.4648466668928741 -0.1450133612641037 -0.0023938362330905
 164 0.0000000100000000 0.000001
 0.000040
 0.1632439991470166 -0.5182113648320761 -0.0020290988718930
 1.2939691237437028 0.4075903645123407 0.0072620642313161
 165 0.0000000100000000 0.000001
 0.000040
 0.5121242042532133 -0.2640391148405585 -0.0016775315917814
 0.6036833084937745 1.1709300145448125 -0.0062535915177968
 166 0.0000000100000000 0.000001
 0.000040
 0.2595648444617522 0.3928384721476572 0.0006310669774913
 -1.2158874297054330 0.8033932814219911 -0.0034190238030169
 167 0.0000000100000000 0.000001
 0.000040
 0.0663143207941497 -0.4833599107399116 0.0001410178819108
 1.4183682296470554 0.1945935190312996 0.0041144036590140
 168 0.0000000100000000 0.000001
 0.000040
 0.2426524650556534 0.4094481788017006 0.0003035192619683
 -1.2469742103621457 0.7389975167546438 0.0005885327749930
 169 0.0000000100000000 0.000001
 0.000040
 0.4152345485089341 0.3467746899112837 0.0013824652001431
 -0.8714890754499433 1.0435284543151737 0.0022543903309520
 170 0.0000000100000000 0.000001
 0.000040
 0.4459249169472574 -0.0818236219382462 0.0004261226111626
 0.2680403699568296 1.4607732395660604 -0.0002872876202735
 171 0.0000000100000000 0.000001
 0.000040
 0.4323480571400008 0.0724088771424470 -0.0000889355058984
 -0.2494775508525683 1.4896106216140770 -0.0011460059156015
 172 0.0000000100000000 0.000001
 0.000040
 -0.0151901263488722 -0.4981202197662677 -0.0007604140461818
 1.4158909779085314 -0.0431759599944568 -0.0009786373676315
 173 0.0000000100000000 0.000001
 0.000040
 -0.4604208302366599 0.1502234813109775 0.0008266545310581
 -0.4457098837687234 -1.3660667974027731 0.0014459240910369
 174 0.0000000100000000 0.000001
 0.000040
 0.1125813256409288 0.4045292247865532 0.0025482405119470
 -1.4866995365440956 0.4137361616739642 0.0024471417539589
 175 0.0000000100000000 0.000001
 0.000040
 -0.2158696293453296 -0.3797723334089477 -0.0006227599368240
 1.3153569599620460 -0.7476737897023508 0.0003216972613657
 176 0.0000000100000000 0.000001
 0.000040
 0.2657320535551100 -0.3981510366454218 0.0006224742157692
 1.2021960463896815 0.8023612221184719 -0.0017218904493962
 177 0.0000000100000000 0.000001
 0.000040
 -0.4686885193112586 0.2907290027021179 0.0016883340455896
 -0.7097889430725267 -1.1442478740666289 -0.0023013696645853
 178 0.0000000100000000 0.000001
 0.000040
 -0.1087376203152701 -0.4328773867936206 0.0002374592127295
 1.4517311830789401 -0.3646722930739041 -0.0025060151869153
 179 0.0000000100000000 0.000001
 0.000040
 0.3587397176251690 0.3648097301838880 0.0011291078513732
 -0.9968107200615126 0.9802267648495292 -0.0005892822132800
 180 0.0000000100000000 0.000001
 0.000040
 -0.5015544366418853 -0.3184819723305397 0.0006426070322831
 0.6954493172133694 -1.0952117505623498 0.0007657389826095
 181 0.0000000100000000 0.000001
 0.000040
 -0.3678603359888736 -0.4040740011427877 -0.0009987415451478
 1.0003371713093701 -0.9106857353677735 0.0000610104728962
 182 0.0000000100000000 0.000001
 0.000040
 -0.1663285116807753 0.4797266032372582 0.0010991598313963
 -1.3259516446022199 -0.4597262954241074 -0.0005726962451368
 183 0.0000000100000000 0.000001
 0.000040
 0.2873458562580360 -0.3529340049701616 -0.0019530466506118
 1.1495071738629536 0.9358512489996164 0.0063458712770585
 184 0.0000000100000000 0.000001
 0.000040
 0.2966163879717882 -0.3129422242245625 -0.0000026959745413
 1.1052992865174067 1.0476370934514085 -0.0000779872989685
 185 0.0000000100000000 0.000001
 0.000040
 0.4980136771744056 0.1374731649690560 -0.0003611977176753
 -0.3702009344057796 1.3410933205370821 -0.0021742765568023
 186 0.0000000100000000 0.000001
 0.000040
 -0.1361999605927621 -0.5521884058059694 0.0018927438051614
 1.2874134110197257 -0.3175378790866774 0.0025997240543935
 187 0.0000000100000000 0.000001
 0.000040
 -0.2686098835806005 -0.5276374696293721 -0.0009020936876562
 1.1581619566288230 -0.5896013438435671 0.0022312739528363
 188 0.0000000100000000 0.000001
 0.000040
 0.5734702257474272 -0.0370302778044893 0.0002078737433018
 0.0850020082300031 1.3164012698402034 0.0028087997611850
 189 0.0000000100000000 0.000001
 0.000040
 -0.4260102158492413 -0.1832011100331387 0.0000586923866689
 0.5801329677634069 -1.3490231512386563 0.0005460814778334
 190 0.0000000100000000 0.000001
 0.000040
 -0.5154737665207201 0.1011959211815373 0.0004466199400133
 -0.2657902658569648 -1.3538716412499181 -0.0036307111316320
 191 0.0000000100000000 0.000001
 0.000040
 0.5756478060968402 0.1031114713899497 0.0000597256388226
 -0.2305605449885124 1.2871656831277325 0.0020826094299875
 192 0.0000000100000000 0.000001
 0.000040
 0.3987555641948408 -0.3183450590260932 0.0001782038462063
 0.8734336681941047 1.0940544428454588 0.0016331739950633
 193 0.0000000100000000 0.000001
 0.000040
 -0.0165093876384511 -0.4237495911073274 0.0003659426918178
 1.5344340327004189 -0.0597769380233188 0.0057746923242806
 194 0.0000000100000000 0.000001
 0.000040
 0.5084031208647061 -0.0348916611720511 0.0004706665954686
 0.0959172440165160 1.3975340770434190 -0.0049731809452082
 195 0.0000000100000000 0.000001
 0.000040
 -0.1901113642506781 -0.5305388123457706 0.0013515599975442
 1.2539802014553210 -0.4493348030847112 0.0046864866075574
 196 0.0000000100000000 0.000001
 0.000040
 0.4629308328824612 0.3627335299690839 0.0004954149976813
 -0.8042487636238921 1.0263967444662858 0.0061276305332671
 197 0.0000000100000000 0.000001
 0.000040
 -0.5349138255483268 0.1042231956021818 0.0017342941288585
 -0.2590493455651307 -1.3295967087349119 0.0033105136930424
 198 0.0000000100000000 0.000001
 0.000040
 0.2973178279988737 0.3197715595218821 0.0001720586684428
 -1.1083044947787337 1.0304819561893870 -0.0007964773835499
 199 0.0000000100000000 0.000001
 0.000040
 0.4671701480905091 -0.3241819878371608 -0.0000082823217866
 0.7560358409858999 1.0895033946628465 -0.0000533691996870
 200 0.0000000100000000 0.000001
 0.000040
 -0.5254657133716810 0.2402133037075881 -0.0017148461787164
 -0.5469658644438815 -1.1965003444526017 -0.0020366131421670
 201 0.0000000100000000 0.000001
 0.000040
 -0.4674766561053607 0.2438046039517906 -0.0000108729494151
 -0.6368482299774330 -1.2211075421431206 0.0037066042214672
 202 0.0000000100000000 0.000001
 0.000040
 -0.4688371906777244 -0.2281156141470392 -0.0001052274195347
 0.6059180164460450 -1.2453200447756225 0.0004391633537526
 203 0.0000000100000000 0.000001
 0.000040
 -0.0157141677572238 0.4755949099380976 -0.0004188912892856
 -1.4488468827755805 -0.0478663497273552 0.0058026578288732
 204 0.0000000100000000 0.000001
 0.000040
 -0.0636248224976162 -0.4296869414720174 -0.0001017972465302
 1.5009267646874440 -0.2222459704348864 -0.0000755866538733
 205 0.0000000100000000 0.000001
 0.000040
 -0.1425859423847772 -0.5828113809217814 -0.0000390790606389
 1.2540033926901322 -0.3067940796017966 -0.0044604214489566
 206 0.0000000100000000 0.000001
 0.000040
 0.2098227179344986 -0.3458484143289092 0.0011585510957256
 1.3442280118726939 0.8155366335060491 0.0021376272457926
 207 0.0000000100000000 0.000001
 0.000040
 0.1018050600646435 -0.4497672354627550 0.0002287479347284
 1.4362543081504611 0.3250969016114103 -0.0000936143507910
 208 0.0000000100000000 0.000001
 0.000040
 -0.4343780094756972 0.3414807820635864 0.0010705177057663
 -0.8314351227422088 -1.0576182401130141 -0.0007752010379875
 209 0.0000000100000000 0.000001
 0.000040
 0.1838510527248950 -0.3741967631225676 0.0000376663243744
 1.3900066355041127 0.6829407245610356 0.0006717751330974
 210 0.0000000100000000 0.000001
 0.000040
 0.4567004366848892 -0.1125396859750416 0.0001608664269331
 0.3488651425725094 1.4157350570150373 -0.0030100542442414
 211 0.0000000100000000 0.000001
 0.000040
 0.4996008441100807 0.0922138214344780 0.0004273234174217
 -0.2546529745444768 1.3796741969884039 -0.0004422909540947
 212 0.0000000100000000 0.000001
 0.000040
 -0.4167458532493484 0.2717333393157377 -0.0014362926741201
 -0.7743505299490584 -1.1875948855972929 -0.0012195981850183
 213 0.0000000100000000 0.000001
 0.000040
 0.5823192825438103 0.0225344464390964 -0.0040390661713595
 -0.0506304508145816 1.3089578653956337 0.0033555071890459
 214 0.0000000100000000 0.000001
 0.000040
 -0.4234459564583115 -0.2106615774258573 0.0010033752486041
 0.6476806269686873 -1.3018694487338607 0.0038578721905934
 215 0.0000000100000000 0.000001
 0.000040
 -0.4685739203687075 -0.1836886239819485 0.0005131015471348
 0.5144620004901724 -1.3123396184219678 0.0031528758593017
 216 0.0000000100000000 0.000001
 0.000040
 -0.3949764882401646 0.3656969715665199 0.0007373778990646
 -0.9260048060077406 -1.0001479236454744 0.0012753640187977
 217 0.0000000100000000 0.000001
 0.000040
 0.3637956868298943 0.2170909612931972 -0.0007439930611770
 -0.7872968783890655 1.3193104454862221 -0.0064997351105499
 218 0.0000000100000000 0.000001
 0.000040
 0.0692639114452333 0.4786621870325896 0.0001081160498241
 -1.4231000836869336 0.2059272794333548 -0.0011447795693484
 219 0.0000000100000000 0.000001
 0.000040
 -0.5359827153900388 -0.0120963002700895 -0.0000388854519012
 0.0308148715734862 -1.3653963819727966 0.0001564514249177
 220 0.0000000100000000 0.000001
 0.000040
 0.1735777750011125 0.5514078210198240 -0.0005439988072680
 -1.2545459859191934 0.3949212934480368 0.0025533550137623
 221 0.0000000100000000 0.000001
 0.000040
 0.2118774016180177 -0.4141719621774999 -0.0010745408801715
 1.3052435010864578 0.6677199486091867 0.0006702290159617
 222 0.0000000100000000 0.000001
 0.000040
 0.2576929688891825 -0.5388014412640562 -0.0016305715806310
 1.1673177690093139 0.5582936124210292 0.0001094782604887
 223 0.0000000100000000 0.000001
 0.000040
 0.3519085544512285 -0.2987266374616071 -0.0008630476518099
 0.9525136125192667 1.1220716754608873 0.0057816916825919
 224 0.0000000100000000 0.000001
 0.000040
 -0.3741084282874761 0.1811918704316776 0.0004208396789920
 -0.6760909100852666 -1.3959228349559374 -0.0034177088423340
 225 0.0000000100000000 0.000001
 0.000040
 -0.4660686193598477 -0.2657399745399819 0.0015661058929359
 0.6762373557650203 -1.1860019866618889 0.0031115527250413
 226 0.0000000100000000 0.000001
 0.000040
 -0.0172725756779405 -0.4123367184031354 0.0004179349008479
 1.5552585860184445 -0.0651473108476295 0.0016587704647588
 227 0.0000000100000000 0.000001
 0.000040
 -0.0381426051168801 0.5629809912839189 -0.0009186347042046
 -1.3281905559758884 -0.0899821371217905 0.0026290557886114
 228 0.0000000100000000 0.000001
 0.000040
 0.4576747471893833 -0.0867792065503329 -0.0015268695689266
 0.2729487416389895 1.4395122396635454 0.0013205763155860
 229 0.0000000100000000 0.000001
 0.000040
 0.2811199331065868 -0.3483499117024087 0.0002081586465316
 1.1631379549850189 0.9386566326383000 -0.0014844480102415
 230 0.0000000100000000 0.000001
 0.000040
 -0.4426733400142972 0.0550282077171290 -0.0001295638533079
 -0.1846995358557039 -1.4858108267072307 0.0004139729477473
 231 0.0000000100000000 0.000001
 0.000040
 -0.1671015565835965 -0.4496515207941896 0.0000497718431367
 1.3533955215425089 -0.5029547825302308 0.0023199380452423
 232 0.0000000100000000 0.000001
 0.000040
 0.4965011448650918 -0.2266640111492153 -0.0008442556480431
 0.5621337892565097 1.2313405768134096 -0.0006210181806322
 233 0.0000000100000000 0.000001
 0.000040
 -0.3613571994424097 0.1822768951436811 -0.0000161205425252
 -0.7079269715616107 -1.4034389939377832 0.0003420914234696
 234 0.0000000100000000 0.000001
 0.000040
 0.1686203449145485 0.4264625157310705 0.0006810812205793
 -1.3732373371399660 0.5429718667419189 -0.0020479552730002
 235 0.0000000100000000 0.000001
 0.000040
 0.4384911866343097 0.0525052624766283 -0.0001685434275790
 -0.1789067361410400 1.4940995298059994 -0.0055715532699041
 236 0.0000000100000000 0.000001
 0.000040
 -0.3428570354309522 -0.3495932139652231 -0.0002734283713392
 1.0202856618031599 -1.0006261085403061 -0.0000732784921382
 237 0.0000000100000000 0.000001
 0.000040
 0.3385660630298558 0.3976567856054293 -0.0000979730845094
 -1.0535989876555287 0.8970368015775562 -0.0009204330778639
 238 0.0000000100000000 0.000001
 0.000040
 -0.2501491155458150 -0.3765208817875672 -0.0006160689030940
 1.2388499432376030 -0.8230465426231854 -0.0048819444777119
 239 0.0000000100000000 0.000001
 0.000040
 0.5810723673024435 -0.0329327732483776 -0.0006505958728764
 0.0741747502889530 1.3086968236261505 0.0028927344853425
 240 0.0000000100000000 0.000001
 0.000040
 -0.3302144771521136 -0.2904562846674952 0.0008515627387395
 0.9959260459817389 -1.1322305025428305 0.0067327983827487
 241 0.0000000100000000 0.000001
 0.000040
 0.3106132880670004 -0.4053339446301039 0.0011662314562719
 1.1107327529821505 0.8511772719696977 0.0023054252712492
 242 0.0000000100000000 0.000001
 0.000040
 -0.2687928014875982 0.4129299418489711 0.0022900804971560
 -1.1939554331432161 -0.7772043453530356 0.0018861369712775
 243 0.0000000100000000 0.000001
 0.000040
 -0.5519481709375252 -0.0154461022903516 0.0002045071024369
 0.0376431120071446 -1.3452137639718498 -0.0061737707057499
 244 0.0000000100000000 0.000001
 0.000040
 -0.1305561081108799 0.4355193468197527 0.0009116575337785
 -1.4205721406553382 -0.4258316347689752 -0.0070800105211551
 245 0.0000000100000000 0.000001
 0.000040
 0.4513140712924543 -0.0190627400744440 -0.0004168015959416
 0.0627854325750329 1.4865458763211006 -0.0040509819688934
 246 0.0000000100000000 0.000001
 0.000040
 0.0172917837195503 0.5596837901102332 -0.0005206585241173
 -1.3357272171548826 0.0412679432613526 -0.0002059944975411
 247 0.0000000100000000 0.000001
 0.000040
 0.4284722082894130 0.2749780297799137 -0.0000819446015530
 -0.7569549073283565 1.1794912133984867 0.0003573700551345
 248 0.0000000100000000 0.000001
 0.000040
 -0.2313680829513042 0.5350332654061135 -0.0006113545014321
 -1.2021660287856830 -0.5198684276551532 -0.0066294769125151
 249 0.0000000100000000 0.000001
 0.000040
 -0.4029838446819483 0.2141259227662836 -0.0047738545862669
 -0.6946152189137074 -1.3071829964118371 0.0035497858287054
 250 0.0000000100000000 0.000001
 0.000040
 -0.4947581045685715 0.1189385251238185 0.0000515206978475
 -0.3276673480591357 -1.3630244032627805 0.0007021857415584
 251 0.0000000100000000 0.000001
 0.000040
 -0.2510602203086905 -0.4530876234882230 -0.0003775552012949
 1.2153242739248560 -0.6734203901897475 -0.0030081918762046
 252 0.0000000100000000 0.000001
 0.000040
 -0.3729024106301237 0.2629444136817040 -0.0005580964716568
 -0.8531170011473952 -1.2098762346292427 -0.0014529111891062
 253 0.0000000100000000 0.000001
 0.000040
 -0.1082217330020777 0.5223224239945761 0.0007025074695204
 -1.3407229256911866 -0.2777907912328543 0.0014248192979734
 254 0.0000000100000000 0.000001
 0.000040
 -0.3371008021480216 -0.2381887600662015 -0.0000706416905503
 0.8982035513773134 -1.2711984043772349 0.0004823674656708
 255 0.0000000100000000 0.000001
 0.000040
 -0.3887442316918008 0.4012252894739812 0.0004614352666007
 -0.9608661660269937 -0.9309784877951029 0.0020236615991292
 256 0.0000000100000000 0.000001
 0.000040
 0.2881681808262047 -0.3010078765542725 0.0007260478527225
 1.1189940829907268 1.0712504263289468 -0.0050591205188316
 257 0.0000000100000000 0.000001
 0.000040
 0.2445190921788676 0.4755232846573882 0.0001078557843156
 -1.2161789179061087 0.6253721551191889 -0.0005229396599522
 258 0.0000000100000000 0.000001
 0.000040
 -0.4396071280804595 0.0363685415027140 0.0003850153473575
 -0.1241394287540033 -1.5005336982264075 -0.0009237967544100
 259 0.0000000100000000 0.000001
 0.000040
 -0.3807031281285579 0.2217343181476161 0.0018736483279873
 -0.7582273539083949 -1.3018621292090424 0.0042623136296613
 260 0.0000000100000000 0.000001
 0.000040
 0.4486024500615285 0.3776114219094080 -0.0000798615555615
 -0.8409715208429989 0.9990750769211236 0.0034523281636519
 261 0.0000000100000000 0.000001
 0.000040
 0.5273731989061914 -0.0125452508598129 -0.0006708000429101
 0.0327467819953981 1.3764340855853003 0.0030773389980190
 262 0.0000000100000000 0.000001
 0.000040
 0.4289747688445117 0.3515159359996625 0.0000257248671780
 -0.8510859098481133 1.0386283040989734 -0.0007396414193240
 263 0.0000000100000000 0.000001
 0.000040
 0.1598745023171479 0.4073575945840185 -0.0000166661077226
 -1.4071782469887202 0.5522713457309639 0.0003027585205730
 264 0.0000000100000000 0.000001
 0.000040
 0.2185867373301537 -0.4705891038176361 -0.0024029622213927
 1.2590398824111306 0.5848313584775525 -0.0024323335426434
 265 0.0000000100000000 0.000001
 0.000040
 -0.5479375360967075 0.1572777702446488 -0.0002157529379884
 -0.3654121435219426 -1.2730537605517969 -0.0001264405588165
 266 0.0000000100000000 0.000001
 0.000040
 0.0217698854715228 0.5073463652069694 -0.0004810885015491
 -1.4020011155055496 0.0601597594136682 0.0008970381661527
 267 0.0000000100000000 0.000001
 0.000040
 0.0844625249292502 0.5069572491300995 0.0003873785869807
 -1.3759258135690755 0.2292359966779005 0.0034024904734690
 268 0.0000000100000000 0.000001
 0.000040
 -0.5507779550086139 -0.0804220197691780 -0.0002941736233538
 0.1936593161444831 -1.3262951132161440 0.0001689492325526
 269 0.0000000100000000 0.000001
 0.000040
 -0.3496435210734026 -0.1963331566893155 0.0002422684997988
 0.7731845734895024 -1.3769432226633007 -0.0026118663332047
 270 0.0000000100000000 0.000001
 0.000040
 0.4580200782449285 -0.1622529025983854 -0.0009345920828387
 0.4790319478746839 1.3522152215728847 0.0057839238776908
 271 0.0000000100000000 0.000001
 0.000040
 0.1351383125463061 0.4804597101567522 0.0000192718029283
 -1.3626089678951925 0.3832592787525002 0.0017952398118777
 272 0.0000000100000000 0.000001
 0.000040
 -0.5963723880972468 0.0516163301221585 -0.0001667554961276
 -0.1114494156708046 -1.2876860997751234 -0.0016589802042227
 273 0.0000000100000000 0.000001
 0.000040
 0.0944572199316115 0.4598938559807411 0.0000262989822808
 -1.4295873594341544 0.2936220198720427 -0.0043841348124256
 274 0.0000000100000000 0.000001
 0.000040
 0.3374181150902156 0.2242423590374210 -0.0008846358507235
 -0.8695884789715954 1.3084770407334423 0.0012127946277433
 275 0.0000000100000000 0.000001
 0.000040
 -0.5187407792964549 0.0919330257534403 0.0002889657346042
 -0.2404211713146520 -1.3566001307187705 0.0003079512534120
 276 0.0000000100000000 0.000001
 0.000040
 -0.0576999487599534 -0.4222244209002488 0.0002798762209433
 1.5177534607618153 -0.2074105130867252 0.0018334516981427
 277 0.0000000100000000 0.000001
 0.000040
 -0.1285950217285225 0.5753998711895415 -0.0014066716257309
 -1.2709772789613740 -0.2840389006890657 0.0038416465436262
 278 0.0000000100000000 0.000001
 0.000040
 0.2790778278183620 0.2993545102182865 0.0012886423375288
 -1.1433475463319767 1.0659038373396577 -0.0001330817855496
 279 0.0000000100000000 0.000001
 0.000040
 0.3005030250736245 -0.3906090812420022 -0.0003363901858071
 1.1290199546491324 0.8685746857785643 0.0022347219284898
 280 0.0000000100000000 0.000001
 0.000040
 -0.4603279981278265 -0.2903843068444338 0.0008373695625597
 0.7231992851691549 -1.1464321548714376 0.0035498697494791
 281 0.0000000100000000 0.000001
 0.000040
 0.2578660280897002 -0.4947572646167637 -0.0000852551233409
 1.1872143701093547 0.6187726177994656 0.0000740002076263
 282 0.0000000100000000 0.000001
 0.000040
 -0.4303394064213307 -0.0548701422856594 -0.0011012390603886
 0.1920309603751917 -1.5060548701931975 -0.0009484633305785
 283 0.0000000100000000 0.000001
 0.000040
 0.2492125022661542 -0.3196982894344960 -0.0001506093388118
 1.2387527818120048 0.9656371875687275 0.0008191023903178
 284 0.0000000100000000 0.000001
 0.000040
 0.4770103908999075 -0.0174056785670797 -0.0017710766408573
 0.0527479879627866 1.4464202594005007 -0.0082366569510823
 285 0.0000000100000000 0.000001
 0.000040
 -0.3264140877436723 -0.2672233393749855 0.0004727288219046
 0.9753009098884631 -1.1913413721521804 -0.0047871531456818
 286 0.0000000100000000 0.000001
 0.000040
 0.5205224157193141 -0.0284739730741686 0.0000066134561972
 0.0756511774583077 1.3829518430664509 -0.0000151604497500
 287 0.0000000100000000 0.000001
 0.000040
 -0.4106417187388544 -0.3013318248244917 0.0004048091979282
 0.8289527835749545 -1.1296656975843984 -0.0040273150179832
 288 0.0000000100000000 0.000001
 0.000040
 -0.3162132291486838 -0.5055220190254182 0.0002048185611729
 1.0979198468683442 -0.6867689971599950 -0.0003413934473692
 289 0.0000000100000000 0.000001
 0.000040
 0.2041079468394411 -0.3847109808480592 0.0001008603048367
 1.3385914865842958 0.7101884854974941 0.0014758954275358
 290 0.0000000100000000 0.000001
 0.000040
 -0.5615514950046661 0.0510687939678022 -0.0001739497182512
 -0.1206120963569552 -1.3262350680786885 0.0038952653514171
 291 0.0000000100000000 0.000001
 0.000040
 0.2956656603242823 0.3049189619495296 0.0002443088937244
 -1.1015851282403324 1.0681562931332333 -0.0008749474996418
 292 0.0000000100000000 0.000001
 0.000040
 -0.1824910992883842 -0.5600216847978244 0.0003097660639473
 1.2388704493111398 -0.4037031410002315 0.0010233192002985
 293 0.0000000100000000 0.000001
 0.000040
 0.2197472238571959 0.4427155436788528 0.0003752385051671
 -1.2740923503667536 0.6324102110481289 0.0011366598779127
 294 0.0000000100000000 0.000001
 0.000040
 -0.0409385447981611 0.5232308587538645 0.0041332533934811
 -1.3761137778885881 -0.1077121382242371 0.0053756776341794
 295 0.0000000100000000 0.000001
 0.000040
 -0.2505173575161432 0.4015105994742600 -0.0000335277817730
 -1.2332611572327890 -0.7694773875328982 -0.0000272300251421
 296 0.0000000100000000 0.000001
 0.000040
 -0.2311892545672802 0.3378674769367279 -0.0030962231971247
 -1.2898168592895731 -0.8825762848185871 -0.0006538057016879
 297 0.0000000100000000 0.000001
 0.000040
 -0.3479847522041012 -0.3120235223267434 0.0001430835037355
 0.9764949714620664 -1.0890380925721310 -0.0009848764707949
 298 0.0000000100000000 0.000001
 0.000040
 0.4523650284723214 -0.1325184696029405 0.0002614959024906
 0.4094737219359195 1.3977749717012784 -0.0022630682054420
 299 0.0000000100000000 0.000001
 0.000040
 0.1557623481382160 -0.4211420501638847 0.0008744560483874
 1.3996549194359356 0.5176815576011071 0.0045007014632150
 300 0.0000000100000000 0.000001
 0.000040
 0.2319588562821405 -0.3425186203809892 -0.0003515886491869
 1.2873630908522673 0.8718200301942610 0.0019233023706822
 301 0.0000000100000000 0.000001
 0.000040
 -0.4947395147206765 -0.2620823931869447 -0.0018526870067174
 0.6256228174898995 -1.1809721458683458 -0.0044923113334866
 302 0.0000000100000000 0.000001
 0.000040
 0.3383596954913428 -0.4144344588014073 -0.0015354660696632
 1.0590154526927651 0.8646248002670542 -0.0014100417090281
 303 0.0000000100000000 0.000001
 0.000040
 0.4753761821918249 0.2605775301813746 0.0005319433833180
 -0.6528384781129768 1.1909850473021093 -0.0001481279131251
 304 0.0000000100000000 0.000001
 0.000040
 0.1306952828628158 0.4300747923712330 0.0004332675907122
 -1.4271019790521846 0.4336855152345687 -0.0039492744105493
 305 0.0000000100000000 0.000001
 0.000040
 0.4797153608698395 0.1851479386399191 0.0003216948209767
 -0.5021287258697278 1.3010055640630787 0.0011333361344108
 306 0.0000000100000000 0.000001
 0.000040
 -0.4383966125440918 0.1303839028044156 0.0001473092391258
 -0.4215176007814988 -1.4172911293476449 0.0004110000311690
 307 0.0000000100000000 0.000001
 0.000040
 -0.4774694637335742 0.0153953607870092 -0.0005739648026427
 -0.0466254433845792 -1.4460673292111799 -0.0008760229467765
 308 0.0000000100000000 0.000001
 0.000040
 -0.1422818388284232 0.5623692650691853 0.0011645753669474
 -1.2728550172719906 -0.3220393323226274 0.0007472442132204
 309 0.0000000100000000 0.000001
 0.000040
 0.3633752291631829 0.2906308980489217 0.0001886384286988
 -0.9156645567548652 1.1448538555495156 -0.0004560349835937
 310 0.0000000100000000 0.000001
 0.000040
 -0.2968946926702403 0.4004442690413646 -0.0002505055789934
 -1.1377437891426054 -0.8435386214230479 -0.0004552750674211
 311 0.0000000100000000 0.000001
 0.000040
 0.4589013913091619 0.1270651936710909 0.0028488106131268
 -0.3867197855776655 1.3966044042530206 0.0022600800605279
 312 0.0000000100000000 0.000001
 0.000040
 0.4563339617647130 0.3706929613253214 0.0012169868449122
 -0.8222930946234456 1.0122812803245496 -0.0043384991662650
 313 0.0000000100000000 0.000001
 0.000040
 -0.3906822372185192 0.4065730488385738 0.0002726529192679
 -0.9602499617194811 -0.9227206058959722 0.0026650429387899
 314 0.0000000100000000 0.000001
 0.000040
 0.1826435175515682 0.4346036890583572 0.0000285669180870
 -1.3426974712524129 0.5642726903365053 -0.0001294501891070
 315 0.0000000100000000 0.000001
 0.000040
 0.2955238051706516 0.3597552620735709 -0.0008386074424767
 -1.1324663759902980 0.9302728058454284 -0.0002809343448569
 316 0.0000000100000000 0.000001
 0.000040
 -0.2577305450250868 -0.3329763243679882 0.0000945436275191
 1.2186667809913581 -0.9432732826523378 -0.0001783645449412
 317 0.0000000100000000 0.000001
 0.000040
 0.4422144101296868 -0.1505753132499473 -0.0000123814737317
 0.4715992933505750 1.3850079384452063 -0.0000693333491276
 318 0.0000000100000000 0.000001
 0.000040
 -0.2953937262866962 -0.2988925032339942 -0.0002011760070624
 1.0971896308467002 -1.0843433592448950 -0.0041381130821394
 319 0.0000000100000000 0.000001
 0.000040
 0.4035221039048417 0.1920615931515565 -0.0005080361098205
 -0.6428731772505850 1.3506860510999039 0.0027119995199640
 320 0.0000000100000000 0.000001
 0.000040
 -0.1940945210593127 -0.3567399824159594 -0.0027517781389425
 1.3783440923468595 -0.7499425398520502 0.0019812719369848
 321 0.0000000100000000 0.000001
 0.000040
 -0.4074252395172612 0.3257243292300610 -0.0017992545351795
 -0.8645943264366548 -1.0814595360640529 -0.0000730525863564
 322 0.0000000100000000 0.000001
 0.000040
 0.0416270602222498 0.5438799227882709 0.0027630115092775
 -1.3500263179857661 0.1033097531197933 0.0034477924956657
 323 0.0000000100000000 0.000001
 0.000040
 -0.0862181850742040 -0.5686192586271457 0.0005375913454630
 1.3037107750860375 -0.1976725305219398 0.0058950600514593
 324 0.0000000100000000 0.000001
 0.000040
 0.0488696721953987 -0.5235946102735851 -0.0000727606839798
 1.3730199775438552 0.1281504898470530 0.0017926228570937
 325 0.0000000100000000 0.000001
 0.000040
 -0.4932927551278528 0.0633309676170758 0.0000163452089396
 -0.1805652167676197 -1.4064448518117951 0.0000064690909991
 326 0.0000000100000000 0.000001
 0.000040
 -0.2579507849145571 -0.3827075452453417 0.0000970012058301
 1.2206069108087401 -0.8227070682430885 0.0031769908481178
 327 0.0000000100000000 0.000001
 0.000040
 -0.0750523219558324 0.4126704015309169 -0.0004587492758142
 -1.5191398684921500 -0.2762892341889951 -0.0030838314150302
 328 0.0000000100000000 0.000001
 0.000040
 0.4745712017778983 -0.3136613936654291 -0.0009682662159522
 0.7310602470817122 1.1060973000834529 0.0001232676192697
 329 0.0000000100000000 0.000001
 0.000040
 -0.1391261783284357 0.4352835760775496 -0.0011765154298155
 -1.4090262432422804 -0.4503236101550152 0.0118697689720806
 330 0.0000000100000000 0.000001
 0.000040
 -0.5816894235402081 -0.0722169052133189 -0.0011082581768548
 0.1609252720839024 -1.2961990870927709 -0.0009403416902099
 331 0.0000000100000000 0.000001
 0.000040
 -0.4511138652613885 0.0224753070267108 -0.0004987086074116
 -0.0740456008107292 -1.4860951796643183 0.0051167223133018
 332 0.0000000100000000 0.000001
 0.000040
 -0.2071135126986076 0.5418330156933134 -0.0012356557418626
 -1.2264390091470807 -0.4688042319429295 -0.0012296858438590
 333 0.0000000100000000 0.000001
 0.000040
 -0.3214487196456395 -0.4333989953530120 -0.0005209131475036
 1.0934125545601869 -0.8109773517247801 0.0013510577135914
 334 0.0000000100000000 0.000001
 0.000040
 0.5126940033459761 0.0050638211775195 -0.0001451958309282
 -0.0137933374997548 1.3964936069878680 -0.0011537584429021
 335 0.0000000100000000 0.000001
 0.000040
 0.1129895603363256 0.4874965645619946 0.0001631541467580
 -1.3771155737116014 0.3191810552678730 0.0000937127296469
 336 0.0000000100000000 0.000001
 0.000040
 -0.3544409148652973 0.2636208117778218 0.0002130791885285
 -0.8979371694130643 -1.2072864818025040 0.0008004669333808
 337 0.0000000100000000 0.000001
 0.000040
 0.4238554574826529 -0.1755530203441789 0.0005600453165826
 0.5649517167089241 1.3640222212720370 0.0006292698115172
 338 0.0000000100000000 0.000001
 0.000040
 0.1207372522770932 -0.4825216942430920 -0.0003707001779483
 1.3755003832739394 0.3441784930693700 0.0014760843123979
 339 0.0000000100000000 0.000001
 0.000040
 0.3503241731461496 0.3359972228233855 0.0004016764654902
 -0.9935143438667358 1.0358799285092450 -0.0017131539905953
 340 0.0000000100000000 0.000001
 0.000040
 0.4095934033628519 0.0170372784801745 0.0006422141703481
 -0.0649011700909885 1.5604793472417369 -0.0050295709253539
 341 0.0000000100000000 0.000001
 0.000040
 0.3997455038670659 -0.3811108436433674 -0.0003143719488540
 0.9284993158370526 0.9738989525968854 -0.0000782451567228
 342 0.0000000100000000 0.000001
 0.000040
 -0.4640044057457242 0.0305295509256569 -0.0004358232174073
 -0.0962743644870480 -1.4632890500639653 -0.0041950278254598
 343 0.0000000100000000 0.000001
 0.000040
 -0.0764120709865097 -0.5325539336130617 0.0017545738433108
 1.3495205547153275 -0.1936313304742903 0.0003041820380225
 344 0.0000000100000000 0.000001
 0.000040
 0.0034998247944155 -0.4698447429163257 0.0002372466768289
 1.4588299769008402 0.0108669754383032 0.0005983522943694
 345 0.0000000100000000 0.000001
 0.000040
 0.1367209384777049 0.4652932599822269 0.0000142922840651
 -1.3777232608190311 0.4048277184424603 0.0005832855184632
 346 0.0000000100000000 0.000001
 0.000040
 -0.2141574015489071 0.5019419801325914 -0.0003001153574182
 -1.2450818872838962 -0.5312260570455120 -0.0038561009830271
 347 0.0000000100000000 0.000001
 0.000040
 -0.2512177209639468 0.3655588299304544 -0.0003647494984283
 -1.2374525975846589 -0.8504016389467591 -0.0049533671511525
 348 0.0000000100000000 0.000001
 0.000040
 -0.3391774642246992 -0.2450419313749461 -0.0005448246539575
 0.9053166510074050 -1.2530945893792678 -0.0041988410052774
 349 0.0000000100000000 0.000001
 0.000040
 -0.4568850418963770 -0.1755097999328297 0.0005869609249462
 0.5125737216661627 -1.3343289649497323 -0.0009257592073464
 350 0.0000000100000000 0.000001
 0.000040
 -0.2468185885701969 -0.4335583391717083 -0.0010655710663207
 1.2303780514849176 -0.7004363348802639 -0.0001501814903704
 351 0.0000000100000000 0.000001
 0.000040
 0.1375337491796620 -0.5723595450100898 -0.0019945254083850
 1.2673018610308537 0.3045202407787002 0.0008572623187500
 352 0.0000000100000000 0.000001
 0.000040
 -0.5250775914295309 -0.2428230702334773 0.0003053364222174
 0.5518588160978447 -1.1933318557737123 0.0006318912808204
 353 0.0000000100000000 0.000001
 0.000040
 -0.2900126442758034 0.5056304457426444 0.0015864333385604
 -1.1361080236383589 -0.6516711255041668 0.0120203903321306
 354 0.0000000100000000 0.000001
 0.000040
 -0.1605205115723697 0.4180655030047877 -0.0006194044809723
 -1.3950323006863032 -0.5356369772895155 -0.0000706684588077
 355 0.0000000100000000 0.000001
 0.000040
 0.3429624969799259 0.4808504890688659 -0.0010388183558349
 -1.0593505989823635 0.7555719823326197 -0.0003555701502255
 356 0.0000000100000000 0.000001
 0.000040
 -0.2950461456905696 -0.3748860449169264 0.0015825873873272
 1.1377090754881700 -0.8954065097249230 0.0008041365236708
 357 0.0000000100000000 0.000001
 0.000040
 -0.4559774833690652 0.0791791604639205 -0.0014672426175763
 -0.2515077136571772 -1.4482538355051013 0.0070414308012555
 358 0.0000000100000000 0.000001
 0.000040
 0.2169927108961951 -0.3801514192564245 -0.0000064268396469
 1.3126785678495598 0.7492848030825113 -0.0000538485879201
 359 0.0000000100000000 0.000001
 0.000040
 0.0439151811345395 -0.4155758267877417 0.0001596375522996
 1.5383560208357110 0.1625616047204717 -0.0031948545324330
 360 0.0000000100000000 0.000001
 0.000040
 -0.1194425141945569 0.4979932384918982 -0.0006041329184866
 -1.3588438780899625 -0.3259155008564917 0.0000222644940157
 361 0.0000000100000000 0.000001
 0.000040
 -0.2162406057143673 -0.5459922112023555 -0.0010931160315505
 1.2132407224544952 -0.4805036437784116 -0.0006053735500321
 362 0.0000000100000000 0.000001
 0.000040
 0.2469959369801628 -0.3611676602099864 -0.0009954276252268
 1.2478507735697091 0.8533980693279092 -0.0057391391042885
 363 0.0000000100000000 0.000001
 0.000040
 -0.2846954180366086 -0.5144073842736921 0.0008462715041410
 1.1410740493528297 -0.6315210949266042 -0.0006629830027355
 364 0.0000000100000000 0.000001
 0.000040
 0.3172009394201188 -0.4640453386568372 0.0000950606195439
 1.1011372739507139 0.7526893004717067 0.0019315369145206
 365 0.0000000100000000 0.000001
 0.000040
 0.3144644790028865 -0.3616985851526975 0.0011869171902654
 1.0900687336164743 0.9477243808429928 0.0022505964257576
 366 0.0000000100000000 0.000001
 0.000040
 -0.4184777103741986 -0.0736801054136658 0.0005135980284849
 0.2660113791819521 -1.5108437587791486 0.0013736094771335
 367 0.0000000100000000 0.000001
 0.000040
 0.3109860380511111 -0.4264607588977407 -0.0006692242436824
 1.1121550300384371 0.8110105251147921 0.0007807185162440
 368 0.0000000100000000 0.000001
 0.000040
 0.5175134162066116 0.2520400736743029 0.0008335055099889
 -0.5771099038727482 1.1849822124418417 -0.0010632763845810
 369 0.0000000100000000 0.000001
 0.000040
 0.3837065716566661 0.3577174245479727 -0.0010944101551313
 -0.9414845858876205 1.0098788886432832 -0.0023277997549075
 370 0.0000000100000000 0.000001
 0.000040
 0.4291252500755649 0.0526165283594551 -0.0002357959879650
 -0.1850890243832632 1.5095468767956843 0.0031475435326686
 371 0.0000000100000000 0.000001
 0.000040
 -0.4291567890362692 0.0567302345450796 -0.0009309170609394
 -0.1991857026489032 -1.5067743450515154 0.0024003958557934
 372 0.0000000100000000 0.000001
 0.000040
 -0.1195369813157255 0.5428111754197553 -0.0004604319793950
 -1.3099352838192808 -0.2884734436067073 -0.0019535020731127
 373 0.0000000100000000 0.000001
 0.000040
 -0.0873192937616083 0.5884034133494498 0.0009801194779780
 -1.2825157667750893 -0.1903160174028901 -0.0058939120426764
 374 0.0000000100000000 0.000001
 0.000040
 0.4926964784812812 -0.0476668849867391 0.0008291486178213
 0.1368731796718895 1.4147354237219820 -0.0010889406734630
 375 0.0000000100000000 0.000001
 0.000040
 -0.2076822462076399 -0.4580261039752205 -0.0023068612353745
 1.2842561655809528 -0.5823080585576681 -0.0021300801471672
 376 0.0000000100000000 0.000001
 0.000040
 -0.4385051679311123 -0.2593400728458998 -0.0000461115829768
 0.7131989496679304 -1.2059128443507152 0.0021623046871561
 377 0.0000000100000000 0.000001
 0.000040
 -0.5007458745474052 -0.1395009512535373 -0.0020339777353822
 0.3722034878782254 -1.3361109110106804 0.0046126458911549
 378 0.0000000100000000 0.000001
 0.000040
 -0.5044663459377711 0.2672034206036883 -0.0013488985206409
 -0.6194929987678321 -1.1695910338757221 -0.0039703035289198
 379 0.0000000100000000 0.000001
 0.000040
 -0.4456211524896188 -0.2294359224716150 -0.0000646404266853
 0.6465794994024203 -1.2558169901647258 0.0004315272210737
 380 0.0000000100000000 0.000001
 0.000040
 0.5350931074033570 -0.2425611540506394 0.0001715719706818
 0.5386480132267948 1.1882652995241823 0.0009510687761500
 381 0.0000000100000000 0.000001
 0.000040
 -0.3324304676276366 0.3228727639271354 0.0004469203382124
 -1.0234608661765257 -1.0537545900958538 -0.0020525727207513
 382 0.0000000100000000 0.000001
 0.000040
 0.4236133180213010 -0.3052306881630355 -0.0005835930176871
 0.8090334248819163 1.1228156723839686 -0.0007999712479008
 383 0.0000000100000000 0.000001
 0.000040
 -0.2058765547095157 0.3469997841346819 -0.0003682876667064
 -1.3539428494975636 -0.8032988521847612 0.0015227889594063
 384 0.0000000100000000 0.000001
 0.000040
 0.5051002651406367 0.1139990765773769 0.0010775879212350
 -0.3059465080302766 1.3555875654041178 -0.0019194265808877
 385 0.0000000100000000 0.000001
 0.000040
 -0.4618285828853070 0.0918545205798930 -0.0011467277895898
 -0.2842774225612683 -1.4292962294511562 0.0001040219609759
 386 0.0000000100000000 0.000001
 0.000040
 -0.0509985873895648 0.5384880810241796 0.0000896356174196
 -1.3536407716842547 -0.1281991698196786 -0.0004712828104189
 387 0.0000000100000000 0.000001
 0.000040
 0.0738947876703066 0.5809827572016333 0.0005883041886964
 -1.2962513275795111 0.1648651065187055 0.0041347100857802
 388 0.0000000100000000 0.000001
 0.000040
 -0.4016983699594933 0.3195446532996136 -0.0000979800433398
 -0.8689211480580863 -1.0923159589526128 0.0049438753094484
 389 0.0000000100000000 0.000001
 0.000040
 0.0952760563160439 0.4170052836778058 -0.0005782468721903
 -1.4905574755203517 0.3405684478232736 0.0076164982271596
 390 0.0000000100000000 0.000001
 0.000040
 -0.2396276161011725 -0.3755585413987287 0.0000365147475302
 1.2630300345554961 -0.8058846360965024 0.0004868352775666
 391 0.0000000100000000 0.000001
 0.000040
 0.2944396962418976 0.3814414411228649 0.0001321584902224
 -1.1403600793592295 0.8802588855535614 0.0004351302762369
 392 0.0000000100000000 0.000001
 0.000040
 -0.4125542884208205 0.4352734676345095 0.0029366538012817
 -0.9371948350804328 -0.8883010952349605 0.0034562222395380
 393 0.0000000100000000 0.000001
 0.000040
 -0.2323578707167857 0.5236957334883295 0.0019522690864333
 -1.2076116682473363 -0.5357959433442648 -0.0020623883143214
 394 0.0000000100000000 0.000001
 0.000040
 0.3277830852166103 -0.2661469007481500 0.0000610126690139
 0.9700669427561592 1.1947221865945197 0.0011776886124841
 395 0.0000000100000000 0.000001
 0.000040
 0.4187452416885000 -0.2369580111698742 0.0008779713511399
 0.7100038656423485 1.2547037228199023 0.0015472585350794
 396 0.0000000100000000 0.000001
 0.000040
 0.4078849947119655 0.0072939331672324 0.0000195090687310
 -0.0279929218752783 1.5654034432253767 -0.0028347622200514
 397 0.0000000100000000 0.000001
 0.000040
 0.4360550366166044 0.1014067980172139 -0.0008548185574695
 -0.3385291562264326 1.4557044884955821 0.0011551264408356
 398 0.0000000100000000 0.000001
 0.000040
 0.3576647397932181 -0.2912566307310989 -0.0000065946370491
 0.9297512491021557 1.1417396339786707 -0.0000579628226159
 399 0.0000000100000000 0.000001
 0.000040
 0.2086258071960594 0.4338894877869210 0.0004580805556846
 -1.2988686653748234 0.6245294620592033 0.0016489562205077
 400 0.0000000100000000 0.000001
 0.000040
 -0.1750911643806971 0.5642177208479219 -0.0000918139035358
 -1.2425928347820636 -0.3856084529984569 -0.0010477430533334
 401 0.0000000100000000 0.000001
 0.000040
 0.5257404981918696 0.2249306125310484 0.0006650832487048
 -0.5201654093870001 1.2158033836346855 0.0009347326507465
 402 0.0000000100000000 0.000001
 0.000040
 0.0524600860318170 -0.4855736842965206 0.0005601799031694
 1.4226316696349075 0.1536972052297091 -0.0001099132011144
 403 0.0000000100000000 0.000001
 0.000040
 0.0007585553397892 -0.4568953643290490 -0.0010396667408604
 1.4794080691247100 0.0024454835717996 0.0046964886649903
 404 0.0000000100000000 0.000001
 0.000040
 -0.5712803718172618 -0.0258025577194553 -0.0010701385123687
 0.0596504419899786 -1.3210041305176441 0.0076239160885154
 405 0.0000000100000000 0.000001
 0.000040
 -0.1077996613419715 -0.5589254854431291 -0.0003334705072690
 1.3014265022978015 -0.2510098104922437 0.0073288975857985
 406 0.0000000100000000 0.000001
 0.000040
 0.2921003370498014 0.3503495157341392 -0.0013073496324533
 -1.1372115804671292 0.9481580100001105 0.0052118357849761
 407 0.0000000100000000 0.000001
 0.000040
 0.3672409600252420 -0.2927274136248322 0.0007495052528872
 0.9095473020014574 1.1410708023634453 -0.0004264636161492
 408 0.0000000100000000 0.000001
 0.000040
 -0.4080015802559958 0.2676102117901776 -0.0001142597324452
 -0.7851603513004184 -1.1970626237263333 0.0042169135477842
 409 0.0000000100000000 0.000001
 0.000040
 0.3988110654782653 -0.0474849802137836 0.0006112539269069
 0.1865709710425191 1.5668368560608308 -0.0087535478639225
 410 0.0000000100000000 0.000001
 0.000040
 0.1197242870395901 -0.4792390578064184 -0.0001443853413830
 1.3803980682512131 0.3448536617276989 -0.0011730780302807
 411 0.0000000100000000 0.000001
 0.000040
 0.2533450146309597 -0.5306890462863756 -0.0033185531167526
 1.1767907351546674 0.5618095422063046 -0.0036474126783956
 412 0.0000000100000000 0.000001
 0.000040
 -0.4493833672421956 -0.3051843935914649 0.0012014293992612
 0.7622623713371417 -1.1224266062173709 0.0007890468902470
 413 0.0000000100000000 0.000001
 0.000040
 -0.1291842621188113 0.4650846254434027 -0.0006698023409999
 -1.3868375802492958 -0.3852131909813812 0.0012792426317516
 414 0.0000000100000000 0.000001
 0.000040
 -0.1743449641989945 0.4462154628268202 0.0000862055815429
 -1.3456937931824449 -0.5257870773821827 -0.0071006162212352
 415 0.0000000100000000 0.000001
 0.000040
 -0.3112597491934747 -0.3127567921810303 -0.0002120531367566
 1.0670359128548297 -1.0619324399404297 0.0059080150279688
 416 0.0000000100000000 0.000001
 0.000040
 0.4975026613120351 -0.0066817887390846 0.0014011912533527
 0.0190485163645616 1.4175596785449756 -0.0034636872884920
 417 0.0000000100000000 0.000001
 0.000040
 0.3116760754475961 0.3421999073737433 -0.0001001963174962
 -1.0866762761880067 0.9897462330321495 0.0007208131879071
 418 0.0000000100000000 0.000001
 0.000040
 0.3442921413490237 -0.3821940714881353 0.0002700863264757
 1.0359290606908400 0.9331964677874797 -0.0002853490939337
 419 0.0000000100000000 0.000001
 0.000040
 0.4940144149092116 0.2206909509902850 0.0004792815385637
 -0.5545044974897285 1.2412562928139836 -0.0017042005862767
 420 0.0000000100000000 0.000001
 0.000040
 0.4790171585785019 0.3556327610326434 -0.0023962809017651
 -0.7717503540400785 1.0394949593944331 -0.0013350835752137
 421 0.0000000100000000 0.000001
 0.000040
 0.3070495172914190 0.3624975935485653 -0.0001196466585837
 -1.1070784733356260 0.9377394520122700 0.0032085189644157
 422 0.0000000100000000 0.000001
 0.000040
 0.5710848359547561 -0.1128992068628056 0.0012549802089035
 0.2541875070300829 1.2857649189745941 -0.0006304400392594
 423 0.0000000100000000 0.000001
 0.000040
 0.4326036346666193 0.0960932716309096 -0.0012215126259385
 -0.3257501446092556 1.4664375943057149 -0.0048386497353317
 424 0.0000000100000000 0.000001
 0.000040
 -0.2701967801864715 -0.3916230405648887 0.0003568763161789
 1.1932925795450644 -0.8233015675037207 -0.0001410969525225
 425 0.0000000100000000 0.000001
 0.000040
 0.3061805183351026 0.3929656497108378 0.0000600412431859
 -1.1176210796402928 0.8707982320198685 0.0001407993039310
 426 0.0000000100000000 0.000001
 0.000040
 0.3635965546876626 -0.3012691331740260 -0.0025965262542897
 0.9284913376428465 1.1205556908923811 0.0028537188470613
 427 0.0000000100000000 0.000001
 0.000040
 0.1045630605627134 0.4470860670698397 -0.0014555481448991
 -1.4369510826238197 0.3361062617677237 0.0112834558472923
 428 0.0000000100000000 0.000001
 0.000040
 -0.5073393762165650 -0.1846112547979634 -0.0023933346575491
 0.4653864731853970 -1.2789223668227141 -0.0022646549519903
 429 0.0000000100000000 0.000001
 0.000040
 0.4752824769053037 -0.3353651862839122 -0.0031177103261619
 0.7559253828578252 1.0712985445337924 0.0005941433950116
 430 0.0000000100000000 0.000001
 0.000040
 0.2087669925526840 -0.4102033718927277 0.0004268427434962
 1.3136342058441912 0.6685595262506564 0.0044735693126053
 431 0.0000000100000000 0.000001
 0.000040
 -0.1499705025012405 -0.4960110985906875 -0.0018453565700753
 1.3297184072327788 -0.4020324590461545 -0.0032384187138428
 432 0.0000000100000000 0.000001
 0.000040
 -0.3359695346244644 0.2645978668407863 -0.0010795806031226
 -0.9461183997107439 -1.2013286037574498 -0.0018780242753050
 433 0.0000000100000000 0.000001
 0.000040
 -0.4351764831638667 -0.0951420395019155 -0.0003133131836160
 0.3200125170386770 -1.4637223742610943 -0.0012440635837147
 434 0.0000000100000000 0.000001
 0.000040
 -0.5116559608633873 0.2132910993652628 0.0004980290025958
 -0.5167909314154054 -1.2397148271653617 0.0019633528923556
 435 0.0000000100000000 0.000001
 0.000040
 0.3972436678640641 0.2049283485808806 -0.0011756569823702
 -0.6857452264533520 1.3292535301941495 -0.0052891180873901
 436 0.0000000100000000 0.000001
 0.000040
 -0.4798985696025459 -0.1598409976425421 -0.0000827210960157
 0.4443210604709928 -1.3340068310430102 -0.0007087482849785
 437 0.0000000100000000 0.000001
 0.000040
 0.4672577600266026 -0.1137733512558655 0.0017112278063379
 0.3411383885976574 1.4010695086788825 0.0028132020537390
 438 0.0000000100000000 0.000001
 0.000040
 0.4889033755429736 -0.2799930389814645 0.0008058344653151
 0.6620918665690649 1.1560976287806304 0.0004218687640480
 439 0.0000000100000000 0.000001
 0.000040
 0.2691346897920119 -0.3201606372127186 -0.0006869864142230
 1.1836025233491578 0.9949705632996212 -0.0027825809166013
 440 0.0000000100000000 0.000001
 0.000040
 -0.2808240215172274 -0.4678378365085149 0.0007587576300834
 1.1607079466926598 -0.6967275699776959 -0.0011144230125166
 441 0.0000000100000000 0.000001
 0.000040
 -0.1949359801787711 0.5644333991136974 -0.0008532444569916
 -1.2231782492253744 -0.4224455819249739 -0.0011073032677890
 442 0.0000000100000000 0.000001
 0.000040
 -0.1731157413544857 -0.3726339659125020 0.0011050555194187
 1.4148278678765305 -0.6572927418972745 -0.0005664351167651
 443 0.0000000100000000 0.000001
 0.000040
 0.2484936384116722 -0.3351458840929138 0.0001485262533952
 1.2436173176429974 0.9220800995384433 0.0024110984594846
 444 0.0000000100000000 0.000001
 0.000040
 -0.3823272700280697 -0.2156517597600515 0.0002309553356249
 0.7415249367081223 -1.3146437440724599 -0.0001392365109716
 445 0.0000000100000000 0.000001
 0.000040
 -0.4194002328582642 0.0300087557464327 0.0016465845838552
 -0.1100641022478047 -1.5382277628133374 -0.0003697929787413
 446 0.0000000100000000 0.000001
 0.000040
 -0.4196423795650769 -0.3387987545496910 -0.0002240719308109
 0.8553648278597961 -1.0594710806174463 0.0006731554825702
 447 0.0000000100000000 0.000001
 0.000040
 -0.1299259861078494 0.5549218643423131 -0.0005272535201599
 -1.2897348582841519 -0.3019690566932561 0.0015957528824116
 448 0.0000000100000000 0.000001
 0.000040
 -0.1806709133294718 -0.5063367280589105 -0.0001055147048527
 1.2845305072813762 -0.4583453850383008 -0.0018705345524847
 449 0.0000000100000000 0.000001
 0.000040
 0.3836253494221138 0.4349761428061004 -0.0000732948184176
 -0.9847987708833521 0.8685397813335056 0.0042481517070304
 450 0.0000000100000000 0.000001
 0.000040
 -0.0459919238419755 -0.4538845611183239 -0.0006654458685190
 1.4729877089424621 -0.1492532614772822 -0.0026860918934463
 451 0.0000000100000000 0.000001
 0.000040
 -0.5876294459169360 -0.1146939140595994 0.0005053142892264
 0.2475754479018543 -1.2684405696725436 0.0004147626070257
 452 0.0000000100000000 0.000001
 0.000040
 0.5346602469856556 0.2359438028536631 0.0022011656142087
 -0.5281240070865685 1.1967497925888539 0.0005519531125618
 453 0.0000000100000000 0.000001
 0.000040
 -0.0178269489399203 -0.5667179502768050 0.0000532922975697
 1.3273767935808432 -0.0417546986689022 -0.0011056169055633
 454 0.0000000100000000 0.000001
 0.000040
 0.2309069089083525 -0.4622505542306863 0.0016072749400954
 1.2445163494904627 0.6216714411239094 0.0003389974878145
 455 0.0000000100000000 0.000001
 0.000040
 -0.0826969929145276 0.4970665610883105 -0.0004234674424999
 -1.3896311607025205 -0.2311927588072670 0.0003038759601815
 456 0.0000000100000000 0.000001
 0.000040
 0.2947583199608713 0.3972383085274369 0.0005588057970318
 -1.1418284432944765 0.8472594280580458 -0.0008383175107298
 457 0.0000000100000000 0.000001
 0.000040
 -0.1280260045964063 0.4507765624244963 0.0001400024319596
 -1.4052432969388080 -0.3991064353928461 0.0010156603887788
 458 0.0000000100000000 0.000001
 0.000040
 -0.2971049956915039 0.2757999629772759 0.0007500391848156
 -1.0685457294230460 -1.1510828344485968 -0.0022281658638837
 459 0.0000000100000000 0.000001
 0.000040
 -0.1606803558964219 0.5314335817187520 0.0017969828857092
 -1.2846142862619832 -0.3884309155472966 0.0072076331352091
 460 0.0000000100000000 0.000001
 0.000040
 0.5048234380848028 0.3111932341463043 0.0013350628308208
 -0.6814076797560772 1.1054042910074831 -0.0028228828509192
 461 0.0000000100000000 0.000001
 0.000040
 -0.0856510216960658 -0.4348450656396038 -0.0014315168357597
 1.4737762044683662 -0.2903008606165422 0.0038135255079574
 462 0.0000000100000000 0.000001
 0.000040
 -0.0081984807396932 0.4978084390855690 0.0000371552135910
 -1.4170348780917490 -0.0233373594220970 0.0000352786093862
 463 0.0000000100000000 0.000001
 0.000040
 -0.4604440508551094 0.2420880420464677 -0.0014588135260344
 -0.6452266593605869 -1.2271824608700459 0.0031378718535340
 464 0.0000000100000000 0.000001
 0.000040
 0.1434835114929551 -0.5225339101594710 -0.0005452264700687
 1.3099808581261039 0.3597094592007626 0.0004828726764978
 465 0.0000000100000000 0.000001
 0.000040
 0.1881500693749336 0.4995373188257060 -0.0008856014270850
 -1.2808608738711882 0.4824240017045938 -0.0059506790078793
 466 0.0000000100000000 0.000001
 0.000040
 0.0485395266420404 0.5644452776269669 0.0003827982024026
 -1.3236982772249024 0.1138308026604878 0.0011201285139621
 467 0.0000000100000000 0.000001
 0.000040
 -0.2891056892862118 -0.3937091996667452 -0.0000790247057535
 1.1532835069440242 -0.8468699758329861 -0.0040849310094867
 468 0.0000000100000000 0.000001
 0.000040
 0.4387469960888247 -0.1073414829585117 -0.0001820942106421
 0.3535985562898372 1.4452989244064518 -0.0012382086084871
 469 0.0000000100000000 0.000001
 0.000040
 0.4871290178953399 0.1112301596954373 -0.0006537559245051
 -0.3149259208981006 1.3791727827961431 -0.0060354005428902
 470 0.0000000100000000 0.000001
 0.000040
 0.3570598693510353 -0.4416145085940349 -0.0006494804876410
 1.0318779811959229 0.8343120962821240 -0.0032476135976100
 471 0.0000000100000000 0.000001
 0.000040
 0.5918838147394698 0.0303628853875397 -0.0002402043737113
 -0.0665474048509772 1.2972560443562626 0.0004360822929643
 472 0.0000000100000000 0.000001
 0.000040
 0.4347002079879782 0.3415509622395273 -0.0000078288860836
 -0.8309363700261235 1.0575529049064731 -0.0000747383861630
 473 0.0000000100000000 0.000001
 0.000040
 -0.5196573299819996 0.2903335345764993 0.0014094112139549
 -0.6321701062854588 -1.1314979999758190 -0.0000112298801853
 474 0.0000000100000000 0.000001
 0.000040
 0.5541320871841618 0.0566298458442524 0.0027308260628277
 -0.1362235337049414 1.3329269320949000 0.0008731311624728
 475 0.0000000100000000 0.000001
 0.000040
 0.4341484415051742 -0.2937670747791308 -0.0000226598557088
 0.7740281674744522 1.1439104726190270 -0.0048879554454154
 476 0.0000000100000000 0.000001
 0.000040
 0.4029750801419071 -0.2970009547342717 0.0017245062232484
 0.8385418501190219 1.1377361554757222 -0.0015916684032833
 477 0.0000000100000000 0.000001
 0.000040
 0.3909428836259510 0.1523355254140166 0.0006368290046752
 -0.5604973366770137 1.4384528793028781 -0.0078986457819832
 478 0.0000000100000000 0.000001
 0.000040
 -0.5038910772910487 -0.1373983292332471 0.0009194389587106
 0.3640199965374060 -1.3349303687806997 0.0100342686585133
 479 0.0000000100000000 0.000001
 0.000040
 -0.0940209037051454 -0.4089370685934620 -0.0007022019620322
 1.5045016139841256 -0.3459111326340218 0.0018273952983303
 480 0.0000000100000000 0.000001
 0.000040
 -0.2920362510185759 0.3452113671862085 -0.0011238961774015
 -1.1353582051377531 -0.9604779158630944 -0.0019047094326618
 481 0.0000000100000000 0.000001
 0.000040
 0.5038301149982776 -0.2799995181286899 0.0000745403709935
 0.6398289960136787 1.1513058005199774 -0.0006342394646188
 482 0.0000000100000000 0.000001
 0.000040
 -0.4213342170755680 -0.1137289824195837 0.0008621858971368
 0.3944867457891981 -1.4614191213255030 0.0058625720110525
 483 0.0000000100000000 0.000001
 0.000040
 -0.4575121254575219 0.1852514454311687 -0.0001899138954377
 -0.5342018770685865 -1.3193104464888639 -0.0017428079973523
 484 0.0000000100000000 0.000001
 0.000040
 0.3317820058689447 -0.2696274364560897 -0.0003712838328932
 0.9645301525721903 1.1868817364859223 -0.0057402008438132
 485 0.0000000100000000 0.000001
 0.000040
 -0.4399892101372404 -0.3800834588492376 0.0005101510273945
 0.8573133718885403 -0.9924341228219206 0.0016451111991022
 486 0.0000000100000000 0.000001
 0.000040
 -0.2959581831818742 0.3113175909561472 -0.0008524458438407
 -1.1058317330032306 -1.0512699279951818 0.0013246312421525
 487 0.0000000100000000 0.000001
 0.000040
 -0.0230757396455483 0.5548898466418487 0.0005550477559799
 -1.3407038351717850 -0.0557573049993085 0.0025759549541275
 488 0.0000000100000000 0.000001
 0.000040
 -0.1872158150562887 0.3838279362360293 -0.0000137034933215
 -1.3753556702480956 -0.6708431274802782 -0.0000263504550367
 489 0.0000000100000000 0.000001
 0.000040
 -0.5503993312955247 -0.1115601243235021 -0.0000810431230232
 0.2650807184565636 -1.3078171644855774 -0.0000581839478279
 490 0.0000000100000000 0.000001
 0.000040
 -0.3598404727947065 0.3265278959454217 -0.0007863012405412
 -0.9640308612084358 -1.0623756133247573 0.0026035355997157
 491 0.0000000100000000 0.000001
 0.000040
 0.2343525558747448 0.4228577546119459 0.0001223766002202
 -1.2579360628836325 0.6971627136861943 -0.0010479513382611
 492 0.0000000100000000 0.000001
 0.000040
 -0.1367956315321844 -0.4140313303757196 0.0006579444124247
 1.4379241389456463 -0.4750841344273611 0.0030769545974866
 493 0.0000000100000000 0.000001
 0.000040
 0.5333968436126221 -0.2269356407179574 -0.0004557089229636
 0.5142053402212994 1.2086047748096285 0.0000142560075591
 494 0.0000000100000000 0.000001
 0.000040
 0.1690453640309406 -0.4765932607373618 0.0017223480476689
 1.3253377045559507 0.4700813575817213 -0.0026636363537297
 495 0.0000000100000000 0.000001
 0.000040
 -0.4295658048067686 -0.1932693832330399 0.0018838501375478
 0.5978346757058413 -1.3287288858288604 0.0035678861981840
 496 0.0000000100000000 0.000001
 0.000040
 -0.4021987011986222 0.2955474441017064 0.0000166828333309
 -0.8381680523076428 -1.1406294047243237 0.0001923661239081
 497 0.0000000100000000 0.000001
 0.000040
 -0.3777636997075302 0.1948683294437638 0.0002107878219054
 -0.7031681462238035 -1.3631352832918753 0.0023484608615525
 498 0.0000000100000000 0.000001
 0.000040
 0.5069991571065472 -0.0237455867048835 -0.0000804837584826
 0.0656684838889739 1.4021114280643754 -0.0011493602902796
 499 0.0000000100000000 0.000001
 0.000040
 0.0250691487169167 -0.4916299468676940 -0.0009648853706942
 1.4234246284878820 0.0725808238664726 0.0011785004019932
 500 0.0000000100000000 0.000001
 0.000040
 -0.0767699596349529 0.4776700097632501 -0.0001718714507930
 -1.4194804265877534 -0.2281354713887866 -0.0001035301542564
 501 0.0000000100000000 0.000001
 0.000040
 0.2282536586643845 -0.4181323900167423 -0.0011239692111703
 1.2717042799202622 0.6942159526081300 -0.0026876366367367
 502 0.0000000100000000 0.000001
 0.000040
 -0.2530371116003098 -0.3390105730942871 -0.0000017540251514
 1.2321217986612727 -0.9196543288916098 0.0000075026337116
