4.0,1.33711979606e-12,24.9991140351,102,0,0.000406980514526,1
8.0,2.76837754906e-12,24.9991106489,102,0,0.00169706344604,1
12.0,4.22111974867e-12,24.999107137,102,0,0.00226402282715,1
16.0,5.61810078913e-12,24.9991035063,102,0,0.00251793861389,1
20.0,6.87567893167e-12,24.9990997645,102,0,0.00274109840393,1
24.0,7.91644456711e-12,24.9990959205,102,0,0.00297403335571,1
28.0,8.67430432151e-12,24.9990919847,102,0,0.00321006774902,1
32.0,9.12416567323e-12,24.999087969,102,0,0.00344514846802,1
36.0,9.26881668024e-12,24.9990838875,102,0,0.00368809700012,1
40.0,9.16516652556e-12,24.9990797566,102,0,0.0039119720459,1
44.0,8.91014122409e-12,24.9990755958,102,0,0.00413703918457,1
48.0,8.63953559874e-12,24.9990714277,102,0,0.00456595420837,1
52.0,8.49521259855e-12,24.9990672788,102,0,0.00479006767273,1
56.0,8.61608311121e-12,24.9990631794,102,0,0.00509309768677,1
60.0,9.1271177346e-12,24.999059164,102,0,0.00530600547791,1
64.0,1.00876857029e-11,24.9990552706,102,0,0.00552201271057,1
68.0,1.15123833195e-11,24.999051541,102,0,0.00572299957275,1
72.0,1.33633257969e-11,24.9990480195,102,0,0.00597906112671,1
76.0,1.55485072225e-11,24.9990447518,102,0,0.00622010231018,1
80.0,1.7937216879e-11,24.9990417842,102,0,0.00646209716797,1
84.0,2.03816876947e-11,24.9990391612,102,0,0.0068199634552,1
88.0,2.63074588797e-11,24.9990369259,102,0,0.00716614723206,1
92.0,3.26671830857e-11,24.9990351129,102,0,0.00742506980896,1
96.0,3.93442538887e-11,24.9990337517,102,0,0.00774812698364,1
100.0,4.62315770624e-11,24.9990328641,102,0,0.00804710388184,1
104.0,5.32091021112e-11,24.9990324628,102,0,0.00840306282043,1
108.0,6.01205337861e-11,24.999032551,102,0,0.00875806808472,1
112.0,6.67826802789e-11,24.9990331224,102,0,0.00928592681885,1
116.0,7.29485524551e-11,24.999034162,102,0,0.00966501235962,1
120.0,7.8325732236e-11,24.9990356465,102,0,0.00993394851685,1
124.0,8.26083532631e-11,24.9990375462,102,0,0.0102090835571,1
128.0,8.5497273318e-11,24.9990398262,102,0,0.0105020999908,1
132.0,8.67881441526e-11,24.9990424479,102,0,0.0111219882965,1
136.0,8.63968320181e-11,24.9990453706,102,0,0.0116200447083,1
140.0,8.43917263359e-11,24.9990485527,102,0,0.0122990608215,1
144.0,8.10157161554e-11,24.9990519533,102,0,0.0127439498901,1
148.0,7.71135830378e-11,24.9990555341,102,0,0.0130259990692,1
152.0,7.32207981145e-11,24.9990592561,102,0,0.0133271217346,1
156.0,6.94278912676e-11,24.9990630846,102,0,0.013592004776,1
160.0,6.58212922936e-11,24.9990669881,102,0,0.0138051509857,1
164.0,6.24602064233e-11,24.9990709383,102,0,0.01402592659,1
168.0,5.93734982568e-11,24.9990749103,102,0,0.014240026474,1
172.0,5.65687119508e-11,24.9990788825,102,0,0.0144629478455,1
176.0,5.40361713044e-11,24.9990828363,102,0,0.0146780014038,1
180.0,5.17642320753e-11,24.9990867561,102,0,0.0149190425873,1
184.0,4.97197655749e-11,24.9990906286,102,0,0.0151560306549,1
188.0,4.78863714623e-11,24.9990944431,102,0,0.0153779983521,1
192.0,4.6238629209e-11,24.9990981909,102,0,0.0156021118164,1
196.0,4.47594824605e-11,24.9991018647,102,0,0.0158131122589,1
200.0,4.34433551008e-11,24.9991054591,102,0,0.0160610675812,1
204.0,4.22751588163e-11,24.9991089697,102,0,0.0163280963898,1
208.0,4.12596497059e-11,24.9991123931,102,0,0.0166120529175,1
212.0,4.04024038855e-11,24.9991157269,102,0,0.0168290138245,1
216.0,3.97116215255e-11,24.9991189692,102,0,0.0170459747314,1
220.0,3.92094430862e-11,24.9991221189,102,0,0.0172531604767,1
224.0,3.89048887551e-11,24.9991251752,102,0,0.0174670219421,1
228.0,3.88289551766e-11,24.9991281375,102,0,0.0177011489868,1
232.0,3.90060788587e-11,24.9991310058,102,0,0.0179030895233,1
236.0,3.94600402956e-11,24.9991337802,102,0,0.0181369781494,1
240.0,4.02160960125e-11,24.999136461,102,0,0.0183620452881,1
244.0,4.12863822617e-11,24.999139049,102,0,0.0185880661011,1
248.0,4.26763111555e-11,24.999141545,102,0,0.0188300609589,1
252.0,4.43683343293e-11,24.9991439501,102,0,0.0191249847412,1
256.0,4.63294870978e-11,24.9991462656,102,0,0.0193510055542,1
260.0,4.85043363085e-11,24.9991484933,102,0,0.0196001529694,1
264.0,5.08264605809e-11,24.9991506349,102,0,0.0198349952698,1
268.0,5.32207463533e-11,24.9991526925,102,0,0.0200691223145,1
272.0,5.56201162314e-11,24.9991546684,102,0,0.0203211307526,1
276.0,5.79725811345e-11,24.9991565651,102,0,0.0205609798431,1
280.0,6.02576406363e-11,24.999158385,102,0,0.0208020210266,1
284.0,6.24684065937e-11,24.9991601311,102,0,0.0210330486298,1
288.0,6.45986468772e-11,24.9991618064,102,0,0.0212609767914,1
292.0,6.66454094253e-11,24.999163414,102,0,0.0214729309082,1
296.0,6.85844217335e-11,24.9991649575,102,0,0.0217061042786,1
300.0,7.03671387927e-11,24.9991664407,102,0,0.0219371318817,1
304.0,7.19256631913e-11,24.9991678675,102,0,0.0222041606903,1
308.0,7.31784852349e-11,24.9991692422,102,0,0.0224680900574,1
312.0,7.40555754679e-11,24.9991705691,102,0,0.0226800441742,1
316.0,7.44826403457e-11,24.9991718528,102,0,0.0231919288635,1
320.0,7.44276992036e-11,24.9991730976,102,0,0.0235540866852,1
324.0,7.39063323654e-11,24.9991743081,102,0,0.023833990097,1
328.0,7.29854532222e-11,24.9991754886,102,0,0.0240590572357,1
332.0,7.17706799695e-11,24.9991766433,102,0,0.0243799686432,1
336.0,7.0394527362e-11,24.9991777764,102,0,0.0246639251709,1
340.0,6.89765538852e-11,24.9991788917,102,0,0.0249519348145,1
344.0,6.76048293697e-11,24.9991799931,102,0,0.0251469612122,1
348.0,6.63200266613e-11,24.9991810842,102,0,0.0253541469574,1
352.0,6.51072214495e-11,24.9991821684,102,0,0.0255751609802,1
356.0,6.39455853013e-11,24.9991832488,102,0,0.0257940292358,1
360.0,6.28172418453e-11,24.999184328,102,0,0.0260469913483,1
364.0,6.17426915076e-11,24.9991854086,102,0,0.0262849330902,1
368.0,6.07788434711e-11,24.9991864926,102,0,0.0265009403229,1
372.0,6.00211477201e-11,24.999187582,102,0,0.0267109870911,1
376.0,5.95742384298e-11,24.9991886788,102,0,0.0269300937653,1
380.0,5.95356976286e-11,24.9991897852,102,0,0.0271389484406,1
384.0,5.99748987587e-11,24.9991909037,102,0,0.0273520946503,1
388.0,6.09226744611e-11,24.9991920374,102,0,0.0275621414185,1
392.0,6.23846008516e-11,24.9991931903,102,0,0.0278699398041,1
396.0,6.43116409109e-11,24.9991943669,102,0,0.0282781124115,1
400.0,6.66342571935e-11,24.9991955724,102,0,0.0285460948944,1
404.0,6.92538836503e-11,24.9991968128,102,0,0.0287890434265,1
408.04,7.20483377414e-11,24.9991981073,102,0,0.0290689468384,1
412.1204,7.4886252736e-11,24.9991994637,102,0,0.0293550491333,1
416.241604,7.7627733726e-11,24.99920089,102,0,0.029648065567,1
420.40402004,8.0127637694e-11,24.9992023933,102,0,0.0299389362335,1
424.60806024,8.22636180968e-11,24.9992039795,102,0,0.0302309989929,1
428.854140843,8.39307127523e-11,24.9992056521,102,0,0.030543088913,1
433.142682251,8.50848047436e-11,24.9992074119,102,0,0.0308330059052,1
437.474109074,8.56986695046e-11,24.999209256,102,0,0.0311379432678,1
441.848850164,8.58118318571e-11,24.9992111774,102,0,0.0314431190491,1
446.267338666,8.55012093998e-11,24.9992131647,102,0,0.0317430496216,1
450.730012053,8.48568400047e-11,24.9992152023,102,0,0.0320489406586,1
455.237312173,8.39687615433e-11,24.999217271,102,0,0.0323469638824,1
459.789685295,8.28974912737e-11,24.9992193483,102,0,0.0328249931335,1
464.387582148,8.16536894176e-11,24.9992214096,102,0,0.0332269668579,1
469.031457969,8.02227596714e-11,24.9992234286,102,0,0.0335781574249,1
473.721772549,7.85573050499e-11,24.9992253787,102,0,0.0340061187744,1
478.458990275,7.66350210894e-11,24.9992272336,102,0,0.0343279838562,1
483.243580177,7.44536117423e-11,24.9992289678,102,0,0.0346219539642,1
488.076015979,7.20686741642e-11,24.9992305577,102,0,0.0349130630493,1
492.956776139,6.95761503496e-11,24.9992319818,102,0,0.0351960659027,1
497.8863439,6.70905146782e-11,24.9992332213,102,0,0.0354819297791,1
502.865207339,6.47309976285e-11,24.9992342609,102,0,0.0357699394226,1
507.893859413,6.26001013314e-11,24.9992350887,102,0,0.036062002182,1
512.972798007,6.07752353961e-11,24.9992356964,102,0,0.0363841056824,1
518.102525987,5.93298733499e-11,24.9992360797,102,0,0.0368421077728,1
523.283551247,5.83181363179e-11,24.9992362374,102,0,0.0371680259705,1
528.516386759,5.7780861149e-11,24.9992361718,102,0,0.0374641418457,1
533.801550627,5.77382202626e-11,24.9992358878,102,0,0.0378170013428,1
539.139566133,5.81577409836e-11,24.9992353925,102,0,0.0382890701294,1
544.530961794,5.89421692903e-11,24.999234695,102,0,0.038666009903,1
549.976271412,5.99240577018e-11,24.9992338051,102,0,0.0389730930328,1
555.476034127,6.08818376121e-11,24.9992327332,102,0,0.0392730236053,1
561.030794468,6.1641501404e-11,24.9992314896,102,0,0.0395770072937,1
566.641102413,6.21549960786e-11,24.9992300837,102,0,0.0398750305176,1
572.307513437,6.25381080427e-11,24.999228524,102,0,0.040176153183,1
578.030588571,6.30389744547e-11,24.9992268184,102,0,0.040472984314,1
583.810894457,6.392820094e-11,24.999224974,102,0,0.0407691001892,1
589.649003401,6.535306256e-11,24.9992229976,102,0,0.0410730838776,1
595.545493435,6.73051951409e-11,24.9992208959,102,0,0.0413639545441,1
601.50094837,6.96253513724e-11,24.9992186749,102,0,0.0416610240936,1
607.515957853,7.2099834812e-11,24.9992163397,102,0,0.041953086853,1
613.591117432,7.45149490174e-11,24.9992138937,102,0,0.0422511100769,1
619.727028606,7.67339151453e-11,24.9992113383,102,0,0.0425579547882,1
625.924298892,7.86501309796e-11,24.9992086727,102,0,0.0428690910339,1
632.183541881,8.02007832145e-11,24.9992058932,102,0,0.0431840419769,1
