4.0,1.75489353808e-12,24.9991053058,102,0,0.000657796859741,1
8.0,4.08275343551e-12,24.9991034824,102,0,0.00127792358398,1
12.0,6.99454164147e-12,24.9991016694,102,0,0.00151991844177,1
16.0,1.04256317391e-11,24.9990998787,102,0,0.00173497200012,1
20.0,1.42482433952e-11,24.9990981227,102,0,0.00195598602295,1
24.0,1.82953295931e-11,24.9990964143,102,0,0.00219488143921,1
28.0,2.23499419053e-11,24.9990947666,102,0,0.00240397453308,1
32.0,2.61972588499e-11,24.999093192,102,0,0.00262594223022,1
36.0,2.96263856133e-11,24.9990917024,102,0,0.00284481048584,1
40.0,3.24709296235e-11,24.9990903079,102,0,0.00306177139282,1
44.0,3.46013108242e-11,24.9990890172,102,0,0.00327777862549,1
48.0,3.59466855738e-11,24.9990878368,102,0,0.00349092483521,1
52.0,3.64913471986e-11,24.9990867705,102,0,0.00371885299683,1
56.0,3.62465848704e-11,24.9990858199,102,0,0.00392484664917,1
60.0,3.52608274989e-11,24.9990849836,102,0,0.00421094894409,1
64.0,3.35831584387e-11,24.999084258,102,0,0.0044219493866,1
68.0,3.12737866048e-11,24.9990836372,102,0,0.0046238899231,1
72.0,2.83963567471e-11,24.9990831132,102,0,0.00484490394592,1
76.0,2.50171313941e-11,24.9990826766,102,0,0.00505995750427,1
80.0,2.12087539108e-11,24.9990823171,102,0,0.00527882575989,1
84.0,1.70630101703e-11,24.9990820234,102,0,0.00550079345703,1
88.0,1.27016268918e-11,24.9990817846,102,0,0.00572085380554,1
92.0,8.25811080002e-12,24.9990815899,102,0,0.00593590736389,1
96.0,3.89803641103e-12,24.9990814295,102,0,0.00613880157471,1
100.0,2.16130371416e-13,24.9990812947,102,0,0.00639677047729,1
104.0,3.93484892698e-12,24.9990811785,102,0,0.00678277015686,1
108.0,7.13181142317e-12,24.9990810755,102,0,0.00713992118835,1
112.0,9.71605004278e-12,24.9990809822,102,0,0.00749278068542,1
116.0,1.16509158811e-11,24.999080897,102,0,0.00783491134644,1
120.0,1.29468800536e-11,24.9990808196,102,0,0.0080509185791,1
124.0,1.36499173027e-11,24.9990807516,102,0,0.00827479362488,1
128.0,1.38527951683e-11,24.9990806954,102,0,0.00849294662476,1
132.0,1.36746225912e-11,24.9990806542,102,0,0.00871276855469,1
136.0,1.32623224125e-11,24.9990806318,102,0,0.00897884368896,1
140.0,1.27705071994e-11,24.9990806315,102,0,0.00919795036316,1
144.0,1.23500264617e-11,24.9990806564,102,0,0.00941181182861,1
148.0,1.21502572085e-11,24.9990807085,102,0,0.00962781906128,1
152.0,1.22809825429e-11,24.999080789,102,0,0.00983881950378,1
156.0,1.28217174994e-11,24.9990808977,102,0,0.0100708007812,1
160.0,1.38114015393e-11,24.9990810328,102,0,0.0102989673615,1
164.0,1.52398907693e-11,24.9990811916,102,0,0.0105028152466,1
168.0,1.7038468493e-11,24.99908137,102,0,0.0107147693634,1
172.0,1.9113385503e-11,24.9990815634,102,0,0.0109257698059,1
176.0,2.13258995172e-11,24.9990817662,102,0,0.0111548900604,1
180.0,2.35418493661e-11,24.999081973,102,0,0.0113599300385,1
184.0,2.56146394308e-11,24.9990821781,102,0,0.0115699768066,1
188.0,2.74228702142e-11,24.9990823768,102,0,0.0117819309235,1
192.0,2.88886627937e-11,24.9990825645,102,0,0.0119938850403,1
196.0,2.99738957639e-11,24.9990827379,102,0,0.0122268199921,1
200.0,3.06911671857e-11,24.9990828945,102,0,0.0124299526215,1
204.0,3.10949595829e-11,24.9990830331,102,0,0.0126709938049,1
208.0,3.12660968793e-11,24.9990831535,102,0,0.0128858089447,1
212.0,3.1299146338e-11,24.9990832564,102,0,0.0130939483643,1
216.0,3.12556257636e-11,24.9990833438,102,0,0.0132977962494,1
220.0,3.116514878e-11,24.9990834185,102,0,0.0135087966919,1
224.0,3.10149537149e-11,24.9990834843,102,0,0.0137298107147,1
228.0,3.07392688732e-11,24.9990835457,102,0,0.0139389038086,1
232.0,3.0250889495e-11,24.9990836083,102,0,0.0141639709473,1
236.0,2.94658830438e-11,24.9990836783,102,0,0.0143899917603,1
240.0,2.83237133823e-11,24.9990837627,102,0,0.0146038532257,1
244.0,2.68067105028e-11,24.999083869,102,0,0.0148758888245,1
248.0,2.4962158037e-11,24.9990840052,102,0,0.015074968338,1
252.0,2.28741521324e-11,24.9990841794,102,0,0.015291929245,1
256.0,2.07038498032e-11,24.9990843994,102,0,0.0155079364777,1
260.0,1.86173163992e-11,24.9990846729,102,0,0.0157239437103,1
264.0,1.68370631279e-11,24.9990850064,102,0,0.0161008834839,1
268.0,1.55559875729e-11,24.9990854054,102,0,0.0165328979492,1
272.0,1.4957334258e-11,24.9990858742,102,0,0.0167949199677,1
276.0,1.51535040652e-11,24.9990864152,102,0,0.0170037746429,1
280.0,1.61893264584e-11,24.9990870296,102,0,0.0172188282013,1
284.0,1.8021117252e-11,24.9990877166,102,0,0.0174858570099,1
288.0,2.05119338867e-11,24.9990884739,102,0,0.0177087783813,1
292.0,2.34561171067e-11,24.9990892981,102,0,0.0179288387299,1
296.0,2.66185576435e-11,24.9990901845,102,0,0.018138885498,1
300.0,2.97332237152e-11,24.9990911276,102,0,0.0183548927307,1
304.0,3.25656604979e-11,24.9990921216,102,0,0.0186538696289,1
308.0,3.49196981844e-11,24.9990931604,102,0,0.0188930034637,1
312.0,3.66719739436e-11,24.9990942382,102,0,0.0191078186035,1
316.0,3.77797852569e-11,24.9990953492,102,0,0.0193328857422,1
320.0,3.8286979921e-11,24.9990964883,102,0,0.0195639133453,1
324.0,3.83516063379e-11,24.9990976509,102,0,0.0197749137878,1
328.0,3.81956848815e-11,24.9990988326,102,0,0.0200479030609,1
332.0,3.80883559461e-11,24.9991000296,102,0,0.0202667713165,1
336.0,3.82940152019e-11,24.9991012378,102,0,0.0204789638519,1
340.0,3.8983636334e-11,24.9991024531,102,0,0.0207059383392,1
344.0,4.02120290884e-11,24.999103671,102,0,0.0209238529205,1
348.0,4.18836445348e-11,24.9991048862,102,0,0.0211238861084,1
352.0,4.37579742358e-11,24.9991060925,102,0,0.0213449001312,1
356.0,4.55086138831e-11,24.9991072827,102,0,0.0215728282928,1
360.0,4.67833086021e-11,24.9991084482,102,0,0.021791934967,1
364.0,4.72458374136e-11,24.9991095796,102,0,0.021990776062,1
368.0,4.66466932651e-11,24.9991106658,102,0,0.0222139358521,1
372.0,4.48502424868e-11,24.9991116945,102,0,0.0230569839478,1
376.0,4.18375061815e-11,24.9991126523,102,0,0.023432970047,1
380.0,3.77210488425e-11,24.9991135246,102,0,0.0237147808075,1
384.0,3.27655933623e-11,24.9991142963,102,0,0.0241258144379,1
388.0,2.73374651772e-11,24.9991149524,102,0,0.0243468284607,1
392.0,2.19068828244e-11,24.9991154786,102,0,0.0245838165283,1
396.0,1.69725331866e-11,24.9991158625,102,0,0.0247988700867,1
400.0,1.2996617853e-11,24.9991160949,102,0,0.0250198841095,1
404.0,1.03217386385e-11,24.9991161704,102,0,0.0252847671509,1
408.04,9.11363367067e-12,24.9991160866,102,0,0.0255568027496,1
412.1204,9.33712654528e-12,24.9991158435,102,0,0.025839805603,1
416.241604,1.0744673544e-11,24.9991154462,102,0,0.0261499881744,1
420.40402004,1.29427897741e-11,24.9991149054,102,0,0.026437997818,1
424.60806024,1.54705825359e-11,24.9991142363,102,0,0.0267248153687,1
428.854140843,1.78918644183e-11,24.9991134576,102,0,0.0270168781281,1
433.142682251,1.98826852808e-11,24.9991125904,102,0,0.0273089408875,1
437.474109074,2.12766525514e-11,24.9991116562,102,0,0.0275948047638,1
441.848850164,2.20570778895e-11,24.9991106765,102,0,0.027881860733,1
446.267338666,2.23373438442e-11,24.9991096712,102,0,0.0281879901886,1
450.730012053,2.2306584942e-11,24.9991086581,102,0,0.0284628868103,1
455.237312173,2.22182349038e-11,24.9991076524,102,0,0.028755903244,1
459.789685295,2.23291632851e-11,24.9991066663,102,0,0.0290379524231,1
464.387582148,2.28759518554e-11,24.9991057092,102,0,0.0293169021606,1
469.031457969,2.40547704217e-11,24.9991047875,102,0,0.029590845108,1
473.721772549,2.59380987376e-11,24.9991039046,102,0,0.0299308300018,1
478.458990275,2.84694909454e-11,24.9991030615,102,0,0.0302329063416,1
483.243580177,3.14558858504e-11,24.9991022567,102,0,0.0305318832397,1
488.076015979,3.46018016578e-11,24.9991014872,102,0,0.0309479236603,1
492.956776139,3.75752712794e-11,24.9991007484,102,0,0.0312879085541,1
497.8863439,4.00816309763e-11,24.9991000352,102,0,0.0315728187561,1
502.865207339,4.18991875971e-11,24.9990993425,102,0,0.0318539142609,1
507.893859413,4.29145585926e-11,24.9990986655,102,0,0.0321578979492,1
512.972798007,4.3091095058e-11,24.9990979999,102,0,0.0324468612671,1
518.102525987,4.2485242851e-11,24.9990973426,102,0,0.0327799320221,1
523.283551247,4.12056397967e-11,24.9990966914,102,0,0.0330729484558,1
528.516386759,3.94211326346e-11,24.999096045,102,0,0.033567905426,1
533.801550627,3.73476881252e-11,24.9990954033,102,0,0.0338687896729,1
539.139566133,3.52420122129e-11,24.999094767,102,0,0.0341548919678,1
544.530961794,3.33498488932e-11,24.9990941371,102,0,0.034462928772,1
549.976271412,3.18467529642e-11,24.9990935154,102,0,0.0348379611969,1
555.476034127,3.07791900017e-11,24.9990929038,102,0,0.0351088047028,1
561.030794468,3.00318141223e-11,24.9990923049,102,0,0.0354027748108,1
566.641102413,2.93556091071e-11,24.9990917223,102,0,0.0357120037079,1
572.307513437,2.84516573266e-11,24.9990911616,102,0,0.0359988212585,1
578.030588571,2.70308578221e-11,24.9990906318,102,0,0.0362918376923,1
583.810894457,2.49014582885e-11,24.9990901457,102,0,0.0366148948669,1
589.649003401,2.19803442451e-11,24.9990897217,102,0,0.0369288921356,1
595.545493435,1.83521026732e-11,24.9990893838,102,0,0.0372288227081,1
601.50094837,1.42565875655e-11,24.9990891617,102,0,0.0375299453735,1
607.515957853,1.00501440764e-11,24.9990890898,102,0,0.0378217697144,1
613.591117432,6.17943073277e-12,24.999089205,102,0,0.0381019115448,1
619.727028606,3.06983660777e-12,24.9990895427,102,0,0.0383977890015,1
625.924298892,1.06379990533e-12,24.9990901329,102,0,0.0386919975281,1
632.183541881,3.72706272585e-13,24.9990909947,102,0,0.0389828681946,1
