4.0,9.9398599949e-12,24.9990986823,102,0,0.000370025634766,1
8.0,2.26038717738e-11,24.9990920151,102,0,0.00103211402893,1
12.0,7.55318021849e-11,24.9990851071,102,0,0.00134801864624,1
16.0,1.36595624363e-10,24.9990780099,102,0,0.00161910057068,1
20.0,2.04483825572e-10,24.9990707938,102,0,0.00187706947327,1
24.0,2.77519586627e-10,24.9990635453,102,0,0.00213217735291,1
28.0,3.5373275616e-10,24.9990563652,102,0,0.00239300727844,1
32.0,4.31014175297e-10,24.9990493637,102,0,0.00264620780945,1
36.0,5.0726687303e-10,24.999042654,102,0,0.00290107727051,1
40.0,5.80557261573e-10,24.999036345,102,0,0.00315308570862,1
44.0,6.49237179688e-10,24.9990305322,102,0,0.00343108177185,1
48.0,7.11982103273e-10,24.9990252907,102,0,0.00373101234436,1
52.0,7.67807780146e-10,24.9990206709,102,0,0.00400114059448,1
56.0,8.16015384673e-10,24.999016696,102,0,0.00435900688171,1
60.0,8.56136672383e-10,24.9990133645,102,0,0.00540804862976,1
64.0,8.87888687246e-10,24.9990106531,102,0,0.00573515892029,1
68.0,9.11140327397e-10,24.9990085233,102,0,0.00599408149719,1
72.0,9.2593359155e-10,24.9990069258,102,0,0.00626420974731,1
76.0,9.32487367112e-10,24.9990058065,102,0,0.00653100013733,1
80.0,9.31223288216e-10,24.99900511,102,0,0.00677800178528,1
84.0,9.22781547001e-10,24.9990047829,102,0,0.00702714920044,1
88.0,9.08029458057e-10,24.9990047751,102,0,0.00776219367981,1
92.0,9.00142429249e-10,24.9990050431,102,0,0.0081090927124,1
96.0,8.93463645755e-10,24.9990055441,102,0,0.00831604003906,1
100.0,8.87812595461e-10,24.9990062423,102,0,0.00880002975464,1
104.0,8.83048953257e-10,24.9990071064,102,0,0.00922107696533,1
108.0,8.79066816508e-10,24.9990081093,102,0,0.00961899757385,1
112.0,8.75792728641e-10,24.9990092277,102,0,0.0181491374969,1
116.0,8.73190455474e-10,24.9990104416,102,0,0.0187602043152,1
120.0,8.7121338667e-10,24.9990117343,102,0,0.0190541744232,1
124.0,8.69837146507e-10,24.9990130915,102,0,0.0194280147552,1
128.0,8.69044770797e-10,24.9990145014,102,0,0.019896030426,1
132.0,8.68798543051e-10,24.9990159542,102,0,0.0202732086182,1
136.0,8.69067499512e-10,24.999017442,102,0,0.0205061435699,1
140.0,8.69785595146e-10,24.9990189583,102,0,0.0211000442505,1
144.0,8.70885632012e-10,24.999020498,102,0,0.0213780403137,1
148.0,8.72261872176e-10,24.999022057,102,0,0.0216040611267,1
152.0,8.73784037278e-10,24.9990236321,102,0,0.0218260288239,1
156.0,8.75312461011e-10,24.9990252209,102,0,0.0220401287079,1
160.0,8.76694795106e-10,24.9990268213,102,0,0.0222580432892,1
164.0,8.77795820177e-10,24.9990284319,102,0,0.0224771499634,1
168.0,8.78530221193e-10,24.9990300512,102,0,0.022705078125,1
172.0,8.78873128328e-10,24.9990316781,102,0,0.0229091644287,1
176.0,8.78870987217e-10,24.9990333115,102,0,0.0231251716614,1
180.0,8.78617512635e-10,24.9990349507,102,0,0.0235660076141,1
184.0,8.78264229347e-10,24.9990365947,102,0,0.0237720012665,1
188.0,8.77977814598e-10,24.9990382434,102,0,0.0239770412445,1
192.0,8.77924122126e-10,24.9990398964,102,0,0.024206161499,1
196.0,8.78242653538e-10,24.9990415542,102,0,0.0244200229645,1
200.0,8.79032723436e-10,24.9990432176,102,0,0.024631023407,1
204.0,8.80360212153e-10,24.9990448878,102,0,0.0248520374298,1
208.0,8.82237636952e-10,24.9990465667,102,0,0.0250661373138,1
212.0,8.84602246817e-10,24.9990482564,102,0,0.0252861976624,1
216.0,8.87358679964e-10,24.9990499597,102,0,0.0254850387573,1
220.0,8.90319012743e-10,24.9990516795,102,0,0.0257091522217,1
224.0,8.93270286976e-10,24.9990534189,102,0,0.0259311199188,1
228.0,8.95983403805e-10,24.9990551812,102,0,0.0261330604553,1
232.0,8.98238322914e-10,24.9990569692,102,0,0.0263431072235,1
236.0,8.99888954666e-10,24.9990587857,102,0,0.0265581607819,1
240.0,9.00883912401e-10,24.9990606329,102,0,0.0267820358276,1
244.0,9.01290229357e-10,24.9990625128,102,0,0.0269892215729,1
248.0,9.01248395345e-10,24.9990644268,102,0,0.0272090435028,1
252.0,9.00985862217e-10,24.9990663758,102,0,0.0274310112,1
256.0,9.00712458833e-10,24.9990683608,102,0,0.0276582241058,1
260.0,9.00647237303e-10,24.9990703821,102,0,0.0278751850128,1
264.0,9.00925581712e-10,24.9990724401,102,0,0.0280752182007,1
268.0,9.01628030766e-10,24.9990745348,102,0,0.0282871723175,1
272.0,9.02756231475e-10,24.9990766661,102,0,0.0285201072693,1
276.0,9.04257479571e-10,24.999078833,102,0,0.0287301540375,1
280.0,9.0603608387e-10,24.999081034,102,0,0.0289890766144,1
284.0,9.07945460632e-10,24.9990832667,102,0,0.0292100906372,1
288.0,9.09843308335e-10,24.9990855272,102,0,0.0297319889069,1
292.0,9.11566079052e-10,24.9990878107,102,0,0.0300731658936,1
296.0,9.12977729895e-10,24.9990901106,102,0,0.0303640365601,1
300.0,9.13969887715e-10,24.9990924191,102,0,0.0305781364441,1
304.0,9.14468766539e-10,24.9990947269,102,0,0.0308392047882,1
308.0,9.14475354572e-10,24.9990970233,102,0,0.0311551094055,1
312.0,9.14028685912e-10,24.9990992966,102,0,0.0313811302185,1
316.0,9.13233016186e-10,24.9991015345,102,0,0.0315980911255,1
320.0,9.12215659139e-10,24.9991037241,102,0,0.0323240756989,1
324.0,9.11097505181e-10,24.9991058523,102,0,0.032653093338,1
328.0,9.10011467886e-10,24.9991079064,102,0,0.0334751605988,1
332.0,9.09040885874e-10,24.9991098743,102,0,0.0337491035461,1
336.0,9.08238134013e-10,24.9991117448,102,0,0.0341241359711,1
340.0,9.07620505887e-10,24.9991135079,102,0,0.0345871448517,1
344.0,9.07182895773e-10,24.9991151548,102,0,0.0348269939423,1
348.0,9.06888410683e-10,24.9991166786,102,0,0.0350379943848,1
352.0,9.06691263786e-10,24.999118074,102,0,0.0352511405945,1
356.0,9.0655966782e-10,24.9991193376,102,0,0.0355851650238,1
360.0,9.06451459372e-10,24.9991204677,102,0,0.0358021259308,1
364.0,9.06347533146e-10,24.9991214647,102,0,0.0360221862793,1
368.0,9.06244924527e-10,24.9991223306,102,0,0.0362770557404,1
372.0,9.06160268299e-10,24.999123069,102,0,0.0364990234375,1
376.0,9.0611909309e-10,24.999123685,102,0,0.0367200374603,1
380.0,9.06184808723e-10,24.9991241845,102,0,0.0369341373444,1
384.0,9.06413742881e-10,24.999124574,102,0,0.0371479988098,1
388.0,9.06886434273e-10,24.9991248602,102,0,0.0373780727386,1
392.0,9.0768029229e-10,24.9991250496,102,0,0.0376040935516,1
396.0,9.08855268035e-10,24.9991251478,102,0,0.0378091335297,1
400.0,9.10466536288e-10,24.999125159,102,0,0.0380251407623,1
404.0,9.12535672858e-10,24.9991250858,102,0,0.0382370948792,1
408.04,9.15051642788e-10,24.9991249267,102,0,0.0385241508484,1
412.1204,9.17984470528e-10,24.9991246771,102,0,0.0388371944427,1
416.241604,9.21260205403e-10,24.9991243298,102,0,0.0391540527344,1
420.40402004,9.24783485631e-10,24.9991238741,102,0,0.0394451618195,1
424.60806024,9.28432761996e-10,24.9991232966,102,0,0.0399360656738,1
428.854140843,9.3207989725e-10,24.9991225809,102,0,0.0402500629425,1
433.142682251,9.35578142951e-10,24.9991217088,102,0,0.0406951904297,1
437.474109074,9.38770045102e-10,24.9991206612,102,0,0.0413131713867,1
441.848850164,9.41479867913e-10,24.9991194197,102,0,0.0416901111603,1
446.267338666,9.43510299787e-10,24.9991179682,102,0,0.0425140857697,1
450.730012053,9.44662052715e-10,24.9991162949,102,0,0.0429041385651,1
455.237312173,9.44765484838e-10,24.9991143936,102,0,0.0432291030884,1
459.789685295,9.43700529249e-10,24.9991122655,102,0,0.0435180664062,1
464.387582148,9.4143572809e-10,24.9991099189,102,0,0.0437982082367,1
469.031457969,9.38051784767e-10,24.9991073699,102,0,0.0440781116486,1
473.721772549,9.33746504983e-10,24.9991046407,102,0,0.0443642139435,1
478.458990275,9.28816514938e-10,24.9991017587,102,0,0.0446610450745,1
483.243580177,9.23577216727e-10,24.9990987547,102,0,0.0449450016022,1
488.076015979,9.18367564667e-10,24.9990956608,102,0,0.0452260971069,1
492.956776139,9.1346096214e-10,24.9990925085,102,0,0.0456070899963,1
497.8863439,9.09073990742e-10,24.9990893281,102,0,0.0463490486145,1
502.865207339,9.05333964218e-10,24.9990861465,102,0,0.0467231273651,1
507.893859413,9.02297374953e-10,24.9990829874,102,0,0.0470871925354,1
512.972798007,8.99964222947e-10,24.9990798708,102,0,0.0477831363678,1
518.102525987,8.98295474104e-10,24.9990768125,102,0,0.0481021404266,1
523.283551247,8.97226071592e-10,24.9990738248,102,0,0.048397064209,1
528.516386759,8.96676794313e-10,24.999070917,102,0,0.0486800670624,1
533.801550627,8.96567103558e-10,24.9990680954,102,0,0.0489630699158,1
539.139566133,8.96815966517e-10,24.9990653641,102,0,0.0492520332336,1
544.530961794,8.97353550037e-10,24.9990627259,102,0,0.0497090816498,1
549.976271412,8.98105574043e-10,24.9990601824,102,0,0.0501260757446,1
555.476034127,8.99025098795e-10,24.9990577351,102,0,0.0508921146393,1
561.030794468,9.00062384644e-10,24.9990553856,102,0,0.0513181686401,1
566.641102413,9.01183009114e-10,24.9990531361,102,0,0.0517621040344,1
572.307513437,9.02350408621e-10,24.9990509895,102,0,0.052433013916,1
578.030588571,9.03537242826e-10,24.99904895,102,0,0.0528471469879,1
583.810894457,9.04704971735e-10,24.9990470222,102,0,0.0533401966095,1
589.649003401,9.05818184668e-10,24.999045211,102,0,0.0538520812988,1
595.545493435,9.06852341201e-10,24.9990435208,102,0,0.0541520118713,1
601.50094837,9.07766266125e-10,24.9990419547,102,0,0.054475069046,1
607.515957853,9.08557983031e-10,24.999040513,102,0,0.0547780990601,1
613.591117432,9.09242314994e-10,24.9990391926,102,0,0.0550830364227,1
619.727028606,9.0989189508e-10,24.9990379859,102,0,0.0553781986237,1
625.924298892,9.10609002509e-10,24.9990368801,102,0,0.0556831359863,1
632.183541881,9.11532974184e-10,24.9990358581,102,0,0.0559940338135,1
