0.01,2.46161509348e-12,0.598384288331,0.999831494378,13,0,0.000259876251221,0
0.0101,2.46296587498e-12,0.59838430399,0.999831509408,13,0,0.000715970993042,0
0.010201,2.46222908507e-12,0.598384319807,0.999831524689,13,0,0.000934839248657,0
0.01030301,2.46296587498e-12,0.598384335783,0.999831540227,13,0,0.00113296508789,0
0.0104060401,2.46259748003e-12,0.598384351919,0.999831556026,13,0,0.00132083892822,0
0.010510100501,2.46198348844e-12,0.598384368217,0.99983157209,13,0,0.00149083137512,0
0.010615201506,2.46272027835e-12,0.598384384679,0.999831588424,13,0,0.00167489051819,0
0.0107213535211,2.46345706826e-12,0.598384401307,0.999831605033,13,0,0.00186085700989,0
0.0108285670563,2.46247468171e-12,0.598384418102,0.999831621923,13,0,0.00206899642944,0
0.0109368527268,2.46259748003e-12,0.598384435065,0.999831639098,13,0,0.00225591659546,0
0.0110462212541,2.46321147162e-12,0.598384452199,0.999831656563,13,0,0.00244188308716,0
0.0111566834667,2.46321147162e-12,0.598384469506,0.999831674325,13,0,0.00262880325317,0
0.0112682503013,2.46284307667e-12,0.598384486986,0.999831692387,13,0,0.00282382965088,0
0.0113809328043,2.46333426994e-12,0.598384504642,0.999831710756,13,0,0.00302791595459,0
0.0114947421324,2.46272027835e-12,0.598384522476,0.999831729437,13,0,0.00321483612061,0
0.0116096895537,2.46247468171e-12,0.598384540489,0.999831748436,13,0,0.00339579582214,0
0.0117257864492,2.46333426994e-12,0.598384558684,0.999831767759,13,0,0.00361490249634,0
0.0118430443137,2.46284307667e-12,0.598384577061,0.999831787412,13,0,0.00379490852356,0
0.0119614747569,2.46272027835e-12,0.598384595623,0.9998318074,13,0,0.00399494171143,0
0.0120810895044,2.46284307667e-12,0.598384614372,0.99983182773,13,0,0.00417995452881,0
0.0122019003995,2.46235188339e-12,0.598384633309,0.999831848408,13,0,0.00437188148499,0
0.0123239194035,2.46296587498e-12,0.598384652437,0.999831869441,13,0,0.00456881523132,0
0.0124471585975,2.46345706826e-12,0.598384671757,0.999831890834,13,0,0.00477290153503,0
0.0125716301835,2.46382546321e-12,0.598384691272,0.999831912595,13,0,0.00494384765625,0
0.0126973464853,2.46443945481e-12,0.598384710983,0.999831934731,13,0,0.00516200065613,0
0.0128243199502,2.4630886733e-12,0.598384730892,0.999831957247,13,0,0.00533294677734,0
0.0129525631497,2.46468505144e-12,0.598384751002,0.999831980152,13,0,0.00551080703735,0
0.0130820887812,2.46382546321e-12,0.598384771314,0.999832003452,13,0,0.00569081306458,0
0.013212909669,2.46394826153e-12,0.59838479183,0.999832027155,13,0,0.00587892532349,0
0.0133450387657,2.46382546321e-12,0.598384812553,0.999832051268,13,0,0.00606679916382,0
0.0134784891533,2.46284307667e-12,0.598384833484,0.999832075799,13,0,0.00624680519104,0
0.0136132740449,2.4630886733e-12,0.598384854626,0.999832100755,13,0,0.00644278526306,0
0.0137494067853,2.46382546321e-12,0.598384875981,0.999832126144,13,0,0.00663495063782,0
0.0138869008532,2.46345706826e-12,0.598384897551,0.999832151975,13,0,0.00680899620056,0
0.0140257698617,2.46419385817e-12,0.598384919338,0.999832178255,13,0,0.00697994232178,0
0.0141660275603,2.46345706826e-12,0.598384941345,0.999832204992,13,0,0.00714683532715,0
0.0143076878359,2.46431665649e-12,0.598384963573,0.999832232196,13,0,0.00732398033142,0
0.0144507647143,2.4637026649e-12,0.598384986024,0.999832259874,13,0,0.00750398635864,0
0.0145952723614,2.46493064808e-12,0.598385008702,0.999832288036,13,0,0.00768995285034,0
0.014741225085,2.46382546321e-12,0.598385031608,0.999832316691,13,0,0.00787997245789,0
0.0148886373359,2.46456225313e-12,0.598385054745,0.999832345848,13,0,0.0080738067627,0
0.0150375237092,2.46443945481e-12,0.598385078115,0.999832375515,13,0,0.00825190544128,0
0.0151878989463,2.46394826153e-12,0.59838510172,0.999832405703,13,0,0.00842881202698,0
0.0153397779358,2.46407105985e-12,0.598385125563,0.999832436421,13,0,0.00860786437988,0
0.0154931757152,2.46394826153e-12,0.598385149647,0.99983246768,13,0,0.00880694389343,0
0.0156481074723,2.46394826153e-12,0.598385173972,0.999832499488,13,0,0.00898694992065,0
0.015804588547,2.46480784976e-12,0.598385198543,0.999832531857,13,0,0.00917792320251,0
0.0159626344325,2.46542184136e-12,0.598385223362,0.999832564797,13,0,0.00935697555542,0
0.0161222607768,2.46554463967e-12,0.59838524843,0.999832598318,13,0,0.00954985618591,0
0.0162834833846,2.46431665649e-12,0.598385273752,0.999832632431,13,0,0.00971388816833,0
0.0164463182184,2.46431665649e-12,0.598385299328,0.999832667148,13,0,0.0098888874054,0
0.0166107814006,2.46517624472e-12,0.598385325162,0.99983270248,13,0,0.0101869106293,0
0.0167768892146,2.46480784976e-12,0.598385351256,0.999832738438,13,0,0.0103759765625,0
0.0169446581068,2.46394826153e-12,0.598385377614,0.999832775033,13,0,0.0106208324432,0
0.0171141046878,2.46517624472e-12,0.598385404237,0.999832812279,13,0,0.0108349323273,0
0.0172852457347,2.46529904304e-12,0.598385431129,0.999832850186,13,0,0.0110199451447,0
0.0174580981921,2.46468505144e-12,0.598385458291,0.999832888767,13,0,0.0112149715424,0
0.017632679174,2.46407105985e-12,0.598385485728,0.999832928036,13,0,0.0114150047302,0
0.0178090059657,2.4650534464e-12,0.598385513441,0.999832968005,13,0,0.0116219520569,0
0.0179870960254,2.46480784976e-12,0.598385541434,0.999833008686,13,0,0.0118229389191,0
0.0181669669856,2.4650534464e-12,0.598385569709,0.999833050094,13,0,0.0120198726654,0
0.0183486366555,2.46468505144e-12,0.598385598269,0.999833092242,13,0,0.0122148990631,0
0.0185321230221,2.46493064808e-12,0.598385627117,0.999833135143,13,0,0.0123929977417,0
0.0187174442523,2.46566743799e-12,0.598385656256,0.999833178813,13,0,0.0125739574432,0
0.0189046186948,2.46468505144e-12,0.59838568569,0.999833223265,13,0,0.0127549171448,0
0.0190936648817,2.46468505144e-12,0.59838571542,0.999833268515,13,0,0.0129377841949,0
0.0192846015306,2.46493064808e-12,0.59838574545,0.999833314577,13,0,0.0131268501282,0
0.0194774475459,2.46517624472e-12,0.598385775783,0.999833361466,13,0,0.0133068561554,0
0.0196722220213,2.4650534464e-12,0.598385806422,0.999833409198,13,0,0.0134768486023,0
0.0198689442415,2.46493064808e-12,0.598385837371,0.999833457789,13,0,0.0136048793793,0
0.020067633684,2.46517624472e-12,0.598385868631,0.999833507256,13,0,0.0137329101562,0
0.0202683100208,2.46542184136e-12,0.598385900208,0.999833557613,13,0,0.0138728618622,0
0.020470993121,2.46431665649e-12,0.598385932103,0.99983360888,13,0,0.0140228271484,0
0.0206757030522,2.46419385817e-12,0.59838596432,0.999833661072,13,0,0.0141987800598,0
0.0208824600827,2.46579023631e-12,0.598385996862,0.999833714207,13,0,0.0143887996674,0
0.0210912846836,2.4650534464e-12,0.598386029733,0.999833768303,13,0,0.0146098136902,0
0.0213021975304,2.46456225313e-12,0.598386062936,0.999833823378,13,0,0.0148239135742,0
0.0215152195057,2.46591303463e-12,0.598386096474,0.99983387945,13,0,0.0149688720703,0
0.0217303717008,2.46517624472e-12,0.598386130351,0.999833936539,13,0,0.0151619911194,0
0.0219476754178,2.46394826153e-12,0.59838616457,0.999833994663,13,0,0.0153548717499,0
0.0221671521719,2.46382546321e-12,0.598386199134,0.999834053843,13,0,0.0155467987061,0
0.0223888236937,2.46419385817e-12,0.598386234048,0.999834114098,13,0,0.0157427787781,0
0.0226127119306,2.46394826153e-12,0.598386269315,0.999834175448,13,0,0.015900850296,0
0.0228388390499,2.46456225313e-12,0.598386304938,0.999834237914,13,0,0.0160448551178,0
0.0230672274404,2.46517624472e-12,0.598386340921,0.999834301518,13,0,0.0161778926849,0
0.0232978997148,2.46579023631e-12,0.598386377267,0.999834366281,13,0,0.0163109302521,0
0.023530878712,2.46628142958e-12,0.598386413981,0.999834432224,13,0,0.0164408683777,0
0.0237661874991,2.46628142958e-12,0.598386451066,0.999834499371,13,0,0.0165688991547,0
0.0240038493741,2.46615863127e-12,0.598386488526,0.999834567743,13,0,0.0167169570923,0
0.0242438878678,2.46615863127e-12,0.598386526365,0.999834637366,13,0,0.0168960094452,0
0.0244863267465,2.46579023631e-12,0.598386564586,0.999834708261,13,0,0.0170319080353,0
0.0247311900139,2.46628142958e-12,0.598386603194,0.999834780453,13,0,0.0171618461609,0
0.0249785019141,2.46517624472e-12,0.598386642192,0.999834853967,13,0,0.0172898769379,0
0.0252282869332,2.46591303463e-12,0.598386681584,0.999834928827,13,0,0.0174279212952,0
0.0254805698026,2.46554463967e-12,0.598386721375,0.999835005061,13,0,0.0175609588623,0
0.0257353755006,2.4664042279e-12,0.598386761569,0.999835082692,13,0,0.0177597999573,0
0.0259927292556,2.46677262286e-12,0.598386802169,0.999835161749,13,0,0.0179469585419,0
0.0262526565481,2.46714101781e-12,0.59838684318,0.999835242258,13,0,0.0181639194489,0
0.0265151831136,2.46763221109e-12,0.598386884606,0.999835324247,13,0,0.0183157920837,0
0.0267803349448,2.46738661445e-12,0.598386926451,0.999835407743,13,0,0.0184350013733,0
0.0270481382942,2.46652702622e-12,0.598386968719,0.999835492776,13,0,0.0185749530792,0
0.0273186196772,2.468369001e-12,0.598387011416,0.999835579375,13,0,0.0187568664551,0
0.0275918058739,2.46714101781e-12,0.598387054544,0.999835667569,13,0,0.0189387798309,0
0.0278677239327,2.46689542118e-12,0.59838709811,0.999835757389,13,0,0.0190708637238,0
0.028146401172,2.46628142958e-12,0.598387142116,0.999835848866,13,0,0.0192439556122,0
0.0284278651837,2.46738661445e-12,0.598387186568,0.999835942031,13,0,0.0193758010864,0
0.0287121438356,2.46812340436e-12,0.59838723147,0.999836036916,13,0,0.0195038318634,0
0.0289992652739,2.46800060604e-12,0.598387276828,0.999836133555,13,0,0.019660949707,0
0.0292892579266,2.46714101781e-12,0.598387322644,0.99983623198,13,0,0.019791841507,0
0.0295821505059,2.46849179932e-12,0.598387368925,0.999836332226,13,0,0.0200188159943,0
0.029877972011,2.46886019427e-12,0.598387415674,0.999836434326,13,0,0.0201737880707,0
0.0301767517311,2.46861459764e-12,0.598387462897,0.999836538318,13,0,0.0203168392181,0
0.0304785192484,2.46812340436e-12,0.598387510599,0.999836644235,13,0,0.0204668045044,0
0.0307833044409,2.468369001e-12,0.598387558785,0.999836752116,13,0,0.0206019878387,0
0.0310911374853,2.46886019427e-12,0.598387607458,0.999836861997,13,0,0.020721912384,0
0.0314020488601,2.46910579091e-12,0.598387656625,0.999836973917,13,0,0.0208668708801,0
0.0317160693487,2.46861459764e-12,0.598387706291,0.999837087915,13,0,0.0209879875183,0
0.0320332300422,2.46849179932e-12,0.59838775646,0.999837204029,13,0,0.0211238861084,0
0.0323535623426,2.46861459764e-12,0.598387807138,0.999837322301,13,0,0.0212678909302,0
0.0326770979661,2.46886019427e-12,0.59838785833,0.999837442771,13,0,0.021399974823,0
0.0330038689457,2.46775500941e-12,0.598387910042,0.999837565481,13,0,0.021518945694,0
0.0333339076352,2.46910579091e-12,0.598387962278,0.999837690474,13,0,0.0216398239136,0
0.0336672467115,2.46775500941e-12,0.598388015044,0.999837817794,13,0,0.0217609405518,0
0.0340039191787,2.46922858923e-12,0.598388068345,0.999837947484,13,0,0.0218830108643,0
0.0343439583704,2.46959698419e-12,0.598388122187,0.99983807959,13,0,0.0220048427582,0
0.0346873979542,2.46947418587e-12,0.598388176576,0.999838214158,13,0,0.0221269130707,0
0.0350342719337,2.46935138755e-12,0.598388231517,0.999838351235,13,0,0.022246837616,0
0.035384614653,2.46959698419e-12,0.598388287016,0.999838490868,13,0,0.0223689079285,0
0.0357384607996,2.4703337741e-12,0.598388343078,0.999838633106,13,0,0.0224897861481,0
0.0360958454076,2.46910579091e-12,0.598388399709,0.999838777998,13,0,0.0226109027863,0
0.0364568038616,2.46886019427e-12,0.598388456916,0.999838925596,13,0,0.0227308273315,0
0.0368213719002,2.46984258082e-12,0.598388514704,0.999839075951,13,0,0.0228519439697,0
0.0371895856193,2.47021097578e-12,0.598388573079,0.999839229114,13,0,0.0229728221893,0
0.0375614814754,2.47057937073e-12,0.598388632047,0.999839385141,13,0,0.0230929851532,0
0.0379370962902,2.4703337741e-12,0.598388691614,0.999839544084,13,0,0.0232138633728,0
0.0383164672531,2.47021097578e-12,0.598388751786,0.999839706,13,0,0.023334980011,0
0.0386996319256,2.47045657242e-12,0.598388812571,0.999839870944,13,0,0.0234549045563,0
0.0390866282449,2.47021097578e-12,0.598388873973,0.999840038976,13,0,0.0235757827759,0
0.0394774945273,2.46984258082e-12,0.598388935999,0.999840210152,13,0,0.0236959457397,0
0.0398722694726,2.46996537914e-12,0.598388998656,0.999840384534,13,0,0.0238168239594,0
0.0402709921673,2.46959698419e-12,0.598389061951,0.999840562181,13,0,0.0239369869232,0
0.040673702089,2.47193015224e-12,0.598389125889,0.999840743157,13,0,0.0240638256073,0
0.0410804391099,2.47119336233e-12,0.598389190477,0.999840927523,13,0,0.0242059230804,0
0.041491243501,2.47131616065e-12,0.598389255723,0.999841115345,13,0,0.0243349075317,0
0.041906155936,2.47242134551e-12,0.598389321633,0.999841306688,13,0,0.0244619846344,0
0.0423252174954,2.47205295056e-12,0.598389388213,0.999841501619,13,0,0.0245888233185,0
0.0427484696703,2.47193015224e-12,0.598389455472,0.999841700206,13,0,0.0247159004211,0
0.043175954367,2.47278974047e-12,0.598389523415,0.999841902518,13,0,0.0248429775238,0
0.0436077139107,2.47266694215e-12,0.598389592049,0.999842108626,13,0,0.0250248908997,0
0.0440437910498,2.47401772365e-12,0.598389661383,0.999842318602,13,0,0.0251598358154,0
0.0444842289603,2.4736493287e-12,0.598389731423,0.999842532519,13,0,0.0254318714142,0
0.0449290712499,2.47340373206e-12,0.598389802176,0.999842750451,13,0,0.0256109237671,0
0.0453783619624,2.47450891693e-12,0.59838987365,0.999842972475,13,0,0.0257709026337,0
0.045832145582,2.47389492533e-12,0.598389945853,0.999843198668,13,0,0.0259227752686,0
0.0462904670378,2.47463171525e-12,0.598390018791,0.999843429109,13,0,0.0260729789734,0
0.0467533717082,2.47352653038e-12,0.598390092473,0.999843663878,13,0,0.0262348651886,0
0.0472209054253,2.47278974047e-12,0.598390166906,0.999843903057,13,0,0.0264317989349,0
0.0476931144796,2.47389492533e-12,0.598390242097,0.999844146729,13,0,0.0266389846802,0
0.0481700456244,2.47401772365e-12,0.598390318056,0.999844394979,13,0,0.0268478393555,0
0.0486517460806,2.47389492533e-12,0.598390394789,0.999844647893,13,0,0.0270669460297,0
0.0491382635414,2.47352653038e-12,0.598390472305,0.999844905559,13,0,0.0272078514099,0
0.0496296461768,2.47315813542e-12,0.598390550612,0.999845168067,13,0,0.0273668766022,0
0.0501259426386,2.47291253879e-12,0.598390629718,0.999845435509,13,0,0.0275027751923,0
0.050627202065,2.47340373206e-12,0.598390709632,0.999845707975,13,0,0.0276658535004,0
0.0511334740856,2.4730353371e-12,0.598390790361,0.999845985563,13,0,0.0278058052063,0
0.0516448088265,2.47242134551e-12,0.598390871914,0.999846268366,13,0,0.0279629230499,0
0.0521612569147,2.47217574887e-12,0.598390954301,0.999846556484,13,0,0.0281128883362,0
0.0526828694839,2.47291253879e-12,0.598391037528,0.999846850017,13,0,0.0282688140869,0
0.0532096981787,2.47401772365e-12,0.598391121606,0.999847149065,13,0,0.028422832489,0
0.0537417951605,2.47463171525e-12,0.598391206542,0.999847453732,13,0,0.0285768508911,0
0.0542792131121,2.47401772365e-12,0.598391292347,0.999847764124,13,0,0.0287399291992,0
0.0548220052432,2.47647369002e-12,0.598391379029,0.999848080348,13,0,0.0288798809052,0
0.0553702252957,2.47659648834e-12,0.598391466596,0.999848402512,13,0,0.0290369987488,0
0.0559239275486,2.4750001102e-12,0.598391555059,0.999848730727,13,0,0.0292298793793,0
0.0564831668241,2.47475451356e-12,0.598391644427,0.999849065108,13,0,0.0293779373169,0
0.0570479984924,2.47635089171e-12,0.598391734709,0.999849405768,13,0,0.0295398235321,0
0.0576184784773,2.47573690011e-12,0.598391825914,0.999849752824,13,0,0.029679775238,0
0.0581946632621,2.47536850516e-12,0.598391918052,0.999850106397,13,0,0.0298418998718,0
0.0587766098947,2.47536850516e-12,0.598392011133,0.999850466606,13,0,0.0299799442291,0
0.0593643759936,2.47598249675e-12,0.598392105167,0.999850833576,13,0,0.0301349163055,0
0.0599580197536,2.47610529507e-12,0.598392200164,0.999851207431,13,0,0.0302958488464,0
0.0605575999511,2.47549130348e-12,0.598392296133,0.999851588301,13,0,0.0304348468781,0
0.0611631759506,2.47598249675e-12,0.598392393085,0.999851976313,13,0,0.0306057929993,0
0.0617748077101,2.47708768162e-12,0.598392491031,0.999852371602,13,0,0.0307509899139,0
0.0623925557872,2.47622809339e-12,0.59839258998,0.999852774301,13,0,0.0309119224548,0
0.0630164813451,2.47647369002e-12,0.598392689943,0.999853184547,13,0,0.0310668945312,0
0.0636466461585,2.47745607657e-12,0.59839279093,0.999853602479,13,0,0.0312299728394,0
0.0642831126201,2.47782447153e-12,0.598392892953,0.99985402824,13,0,0.0313849449158,0
0.0649259437463,2.4769648833e-12,0.598392996022,0.999854461973,13,0,0.031546831131,0
0.0655752031838,2.47856126144e-12,0.598393100148,0.999854903824,13,0,0.0317018032074,0
0.0662309552156,2.47856126144e-12,0.598393205342,0.999855353943,13,0,0.031879901886,0
0.0668932647678,2.47917525303e-12,0.598393311615,0.999855812481,13,0,0.0320417881012,0
0.0675621974155,2.47868405976e-12,0.59839341898,0.999856279593,13,0,0.0321898460388,0
0.0682378193896,2.47807006816e-12,0.598393527446,0.999856755435,13,0,0.0323388576508,0
0.0689201975835,2.47757887489e-12,0.598393637026,0.999857240167,13,0,0.0324859619141,0
0.0696093995593,2.47733327825e-12,0.598393747731,0.99985773395,13,0,0.0326337814331,0
0.0703054935549,2.47684208498e-12,0.598393859573,0.99985823695,13,0,0.0327799320221,0
0.0710085484905,2.47573690011e-12,0.598393972565,0.999858749334,13,0,0.0329349040985,0
0.0717186339754,2.47647369002e-12,0.598394086717,0.999859271272,13,0,0.0330879688263,0
0.0724358203151,2.47757887489e-12,0.598394202043,0.999859802938,13,0,0.0332419872284,0
0.0731601785183,2.47721047994e-12,0.598394318555,0.999860344507,13,0,0.0333969593048,0
0.0738917803035,2.47671928666e-12,0.598394436265,0.999860896159,13,0,0.0335509777069,0
0.0746306981065,2.47721047994e-12,0.598394555185,0.999861458075,13,0,0.0337038040161,0
0.0753770050876,2.47671928666e-12,0.598394675329,0.99986203044,13,0,0.0338587760925,0
0.0761307751385,2.47487731188e-12,0.59839479671,0.999862613441,13,0,0.0340127944946,0
0.0768920828898,2.47647369002e-12,0.59839491934,0.99986320727,13,0,0.0341668128967,0
0.0776610037187,2.47475451356e-12,0.598395043233,0.99986381212,13,0,0.0343208312988,0
0.0784376137559,2.47536850516e-12,0.598395168401,0.999864428188,13,0,0.0344748497009,0
0.0792219898935,2.47438611861e-12,0.598395294859,0.999865055674,13,0,0.0346269607544,0
0.0800142097924,2.47389492533e-12,0.59839542262,0.999865694782,13,0,0.0347809791565,0
0.0808143518903,2.47389492533e-12,0.598395551698,0.999866345718,13,0,0.0349409580231,0
0.0816224954093,2.4736493287e-12,0.598395682106,0.999867008691,13,0,0.035101890564,0
0.0824387203633,2.47414052197e-12,0.59839581386,0.999867683914,13,0,0.0352628231049,0
0.083263107567,2.47377212702e-12,0.598395946972,0.999868371603,13,0,0.0355069637299,0
0.0840957386426,2.47475451356e-12,0.598396081458,0.999869071978,13,0,0.0357458591461,0
0.0849366960291,2.47340373206e-12,0.598396217331,0.999869785262,13,0,0.0359468460083,0
0.0857860629894,2.47389492533e-12,0.598396354608,0.99987051168,13,0,0.0361437797546,0
0.0866439236193,2.47401772365e-12,0.598396493302,0.999871251463,13,0,0.0363328456879,0
0.0875103628554,2.47352653038e-12,0.598396633428,0.999872004843,13,0,0.0365219116211,0
0.088385466484,2.47266694215e-12,0.598396775003,0.999872772057,13,0,0.0367078781128,0
0.0892693211488,2.47487731188e-12,0.59839691804,0.999873553345,13,0,0.0368959903717,0
0.0901620143603,2.47598249675e-12,0.598397062557,0.999874348949,13,0,0.0370819568634,0
0.0910636345039,2.47659648834e-12,0.598397208568,0.999875159118,13,0,0.0372757911682,0
0.091974270849,2.47610529507e-12,0.598397356089,0.999875984102,13,0,0.037467956543,0
0.0928940135575,2.47598249675e-12,0.598397505137,0.999876824154,13,0,0.0376617908478,0
0.093822953693,2.47843846312e-12,0.598397655728,0.999877679532,13,0,0.0378558635712,0
0.09476118323,2.47905245471e-12,0.598397807877,0.999878550499,13,0,0.0380489826202,0
0.0957087950623,2.47856126144e-12,0.598397961603,0.999879437318,13,0,0.0382449626923,0
0.0966658830129,2.47708768162e-12,0.598398116922,0.999880340259,13,0,0.0384378433228,0
0.097632541843,2.47782447153e-12,0.59839827385,0.999881259593,13,0,0.0386300086975,0
0.0986088672615,2.4783156648e-12,0.598398432405,0.999882195597,13,0,0.0388219356537,0
0.0995949559341,2.4769648833e-12,0.598398592605,0.99988314855,13,0,0.0390160083771,0
0.100590905493,2.47843846312e-12,0.598398754466,0.999884118736,13,0,0.0392079353333,0
0.101596814548,2.47843846312e-12,0.598398918008,0.999885106441,13,0,0.0394098758698,0
0.102612782694,2.47733327825e-12,0.598399083247,0.999886111957,13,0,0.0396089553833,0
0.103638910521,2.47782447153e-12,0.598399250202,0.999887135578,13,0,0.0398499965668,0
0.104675299626,2.47782447153e-12,0.598399418892,0.999888177603,13,0,0.0400338172913,0
0.105722052622,2.4783156648e-12,0.598399589335,0.999889238333,13,0,0.0402338504791,0
0.106779273148,2.47745607657e-12,0.59839976155,0.999890318073,13,0,0.0404109954834,0
0.10784706588,2.47684208498e-12,0.598399935557,0.999891417135,13,0,0.0406079292297,0
0.108925536539,2.47684208498e-12,0.598400111373,0.99989253583,13,0,0.0407929420471,0
0.110014791904,2.47721047994e-12,0.59840028902,0.999893674475,13,0,0.0410079956055,0
0.111114939823,2.47733327825e-12,0.598400468516,0.999894833392,13,0,0.0412719249725,0
0.112226089221,2.47708768162e-12,0.598400649882,0.999896012904,13,0,0.0415439605713,0
0.113348350114,2.47659648834e-12,0.598400833138,0.999897213339,13,0,0.0418539047241,0
0.114481833615,2.47721047994e-12,0.598401018305,0.999898435029,13,0,0.0420649051666,0
0.115626651951,2.47610529507e-12,0.598401205402,0.999899678309,13,0,0.0422608852386,0
0.11678291847,2.47647369002e-12,0.598401394452,0.999900943517,13,0,0.0424649715424,0
0.117950747655,2.47770167321e-12,0.598401585474,0.999902230997,13,0,0.0426578521729,0
0.119130255132,2.47721047994e-12,0.598401778492,0.999903541094,13,0,0.042849779129,0
0.120321557683,2.47659648834e-12,0.598401973526,0.999904874156,13,0,0.0430397987366,0
0.12152477326,2.4769648833e-12,0.598402170598,0.999906230538,13,0,0.0432369709015,0
0.122740020992,2.47770167321e-12,0.59840236973,0.999907610595,13,0,0.0434489250183,0
0.123967421202,2.47647369002e-12,0.598402570946,0.999909014687,13,0,0.043643951416,0
0.125207095414,2.4736493287e-12,0.598402774267,0.999910443176,13,0,0.043839931488,0
0.126459166368,2.47561410179e-12,0.598402979718,0.99991189643,13,0,0.0440368652344,0
0.127723758032,2.47450891693e-12,0.59840318732,0.999913374816,13,0,0.0442328453064,0
0.129000995613,2.47549130348e-12,0.598403397098,0.999914878707,13,0,0.0444288253784,0
0.130291005569,2.47671928666e-12,0.598403609075,0.99991640848,13,0,0.0446238517761,0
0.131593915624,2.47843846312e-12,0.598403823276,0.999917964511,13,0,0.0448219776154,0
0.132909854781,2.47807006816e-12,0.598404039725,0.999919547183,13,0,0.0450220108032,0
0.134238953328,2.47905245471e-12,0.598404258446,0.99992115688,13,0,0.0452229976654,0
0.135581342862,2.47856126144e-12,0.598404479466,0.999922793988,13,0,0.0454239845276,0
0.13693715629,2.47966644631e-12,0.598404702808,0.999924458897,13,0,0.0456259250641,0
0.138306527853,2.47978924462e-12,0.598404928499,0.999926151998,13,0,0.0458498001099,0
0.139689593132,2.47978924462e-12,0.598405156565,0.999927873687,13,0,0.0460648536682,0
0.141086489063,2.48015763958e-12,0.598405387032,0.999929624359,13,0,0.0462689399719,0
0.142497353954,2.48015763958e-12,0.598405619926,0.999931404413,13,0,0.04647397995,0
0.143922327493,2.47905245471e-12,0.598405855275,0.99993321425,13,0,0.0466828346252,0
0.145361550768,2.48126282445e-12,0.598406093105,0.999935054273,13,0,0.046886920929,0
0.146815166276,2.48322759754e-12,0.598406333444,0.999936924886,13,0,0.0470948219299,0
0.148283317939,2.48470117737e-12,0.598406576321,0.999938826495,13,0,0.0473008155823,0
0.149766151118,2.48580636223e-12,0.598406821763,0.999940759508,13,0,0.0475080013275,0
0.151263812629,2.48396438745e-12,0.598407069798,0.999942724333,13,0,0.0477108955383,0
0.152776450755,2.48433278241e-12,0.598407320456,0.999944721381,13,0,0.0479238033295,0
0.154304215263,2.48371879082e-12,0.598407573767,0.999946751062,13,0,0.0481328964233,0
0.155847257416,2.48543796728e-12,0.598407829759,0.999948813788,13,0,0.0483448505402,0
0.15740572999,2.48654315214e-12,0.598408088463,0.999950909972,13,0,0.048556804657,0
0.15897978729,2.48740274037e-12,0.598408349909,0.999953040025,13,0,0.0487658977509,0
0.160569585163,2.48715714374e-12,0.598408614128,0.999955204361,13,0,0.048978805542,0
0.162175281014,2.48666595046e-12,0.598408881151,0.999957403393,13,0,0.0491960048676,0
0.163797033824,2.48703434542e-12,0.59840915101,0.999959637533,13,0,0.0494148731232,0
0.165435004163,2.4869115471e-12,0.598409423736,0.999961907193,13,0,0.0496339797974,0
0.167089354204,2.48875352188e-12,0.598409699362,0.999964212786,13,0,0.0498588085175,0
0.168760247746,2.48777113533e-12,0.598409977921,0.999966554721,13,0,0.0500848293304,0
0.170447850224,2.48801673197e-12,0.598410259445,0.999968933407,13,0,0.0503439903259,0
0.172152328726,2.48838512692e-12,0.598410543969,0.999971349253,13,0,0.0505700111389,0
0.173873852013,2.48838512692e-12,0.598410831526,0.999973802664,13,0,0.050794839859,0
0.175612590533,2.49047269834e-12,0.59841112215,0.999976294046,13,0,0.0510158538818,0
0.177368716439,2.49170068152e-12,0.598411415876,0.999978823798,13,0,0.0512399673462,0
0.179142403603,2.49243747143e-12,0.59841171274,0.999981392322,13,0,0.0514597892761,0
0.180933827639,2.49403384958e-12,0.598412012778,0.999984000013,13,0,0.0516839027405,0
0.182743165915,2.49415664789e-12,0.598412316024,0.999986647265,13,0,0.0519108772278,0
0.184570597575,2.49538463108e-12,0.598412622517,0.999989334466,13,0,0.0521399974823,0
0.18641630355,2.49526183276e-12,0.598412932292,0.999992062004,13,0,0.0523698329926,0
0.188280466586,2.49501623612e-12,0.598413245387,0.999994830259,13,0,0.0525958538055,0
0.190163271252,2.49526183276e-12,0.598413561841,0.99999763961,13,0,0.0528259277344,0
0.192064903964,2.49612142099e-12,0.598413881692,1.00000049043,13,0,0.0530619621277,0
0.193985553004,2.49587582435e-12,0.598414204978,1.00000338308,13,0,0.0532939434052,0
0.195925408534,2.4968582109e-12,0.598414531738,1.00000631793,13,0,0.0535287857056,0
0.197884662619,2.49759500081e-12,0.598414862013,1.00000929533,13,0,0.0537657737732,0
0.199863509245,2.49857738736e-12,0.598415195844,1.00001231563,13,0,0.0540018081665,0
0.201862144338,2.49894578232e-12,0.598415533269,1.00001537917,13,0,0.0542378425598,0
0.203880765781,2.50054216046e-12,0.598415874332,1.0000184863,13,0,0.0544788837433,0
0.205919573439,2.49857738736e-12,0.598416219074,1.00002163733,13,0,0.0547208786011,0
0.207978769173,2.50029656382e-12,0.598416567536,1.00002483258,13,0,0.0549619197845,0
0.210058556865,2.50177014364e-12,0.598416919763,1.00002807238,13,0,0.0552039146423,0
0.212159142434,2.50115615205e-12,0.598417275796,1.00003135701,13,0,0.0554509162903,0
0.214280733858,2.50226133692e-12,0.59841763568,1.00003468678,13,0,0.0556948184967,0
0.216423541197,2.50189294196e-12,0.59841799946,1.00003806197,13,0,0.0559468269348,0
0.218587776609,2.50361211842e-12,0.598418367179,1.00004148285,13,0,0.05628490448,0
0.220773654375,2.50385771506e-12,0.598418738884,1.00004494968,13,0,0.0565638542175,0
0.222981390919,2.50496289993e-12,0.59841911462,1.00004846272,13,0,0.0568339824677,0
0.225211204828,2.50312092515e-12,0.598419494434,1.00005202221,13,0,0.057098865509,0
0.227463316876,2.50484010161e-12,0.598419878372,1.00005562838,13,0,0.0573589801788,0
0.229737950045,2.5041033117e-12,0.598420266483,1.00005928144,13,0,0.0576288700104,0
0.232035329545,2.50422611001e-12,0.598420658814,1.00006298159,13,0,0.057895898819,0
0.234355682841,2.50336652178e-12,0.598421055413,1.00006672904,13,0,0.0581588745117,0
0.236699239669,2.50287532851e-12,0.598421456331,1.00007052394,13,0,0.0584378242493,0
0.239066232066,2.50324372347e-12,0.598421861615,1.00007436647,13,0,0.0587058067322,0
0.241456894386,2.50655927807e-12,0.598422271318,1.00007825677,13,0,0.0589709281921,0
0.24387146333,2.50619088311e-12,0.598422685488,1.00008219498,13,0,0.0592420101166,0
0.246310177964,2.50803285789e-12,0.598423104178,1.0000861812,13,0,0.0595178604126,0
0.248773279743,2.5087696478e-12,0.59842352744,1.00009021555,13,0,0.0597939491272,0
0.251261012541,2.50950643771e-12,0.598423955324,1.0000942981,13,0,0.0600647926331,0
0.253773622666,2.50938363939e-12,0.598424387886,1.00009842891,13,0,0.0603427886963,0
0.256311358893,2.51085721922e-12,0.598424825177,1.00010260805,13,0,0.0606207847595,0
0.258874472482,2.51245359736e-12,0.598425267251,1.00010683553,13,0,0.0609037876129,0
0.261463217207,2.51183960576e-12,0.598425714164,1.00011111137,13,0,0.0611958503723,0
0.264077849379,2.51183960576e-12,0.59842616597,1.00011543555,13,0,0.0614788532257,0
0.266718627872,2.51061162258e-12,0.598426622724,1.00011980806,13,0,0.0617618560791,0
0.269385814151,2.51036602594e-12,0.598427084482,1.00012422885,13,0,0.0620539188385,0
0.272079672293,2.51098001753e-12,0.598427551301,1.00012869784,13,0,0.0623359680176,0
0.274800469016,2.50852405116e-12,0.598428023238,1.00013321495,13,0,0.0626428127289,0
0.277548473706,2.51024322762e-12,0.59842850035,1.00013778007,13,0,0.0629358291626,0
0.280323958443,2.51024322762e-12,0.598428982695,1.00014239306,13,0,0.0632328987122,0
0.283127198027,2.51024322762e-12,0.598429470331,1.00014705377,13,0,0.0635688304901,0
0.285958470007,2.51159400913e-12,0.598429963317,1.00015176203,13,0,0.0638678073883,0
0.288818054708,2.51196240408e-12,0.598430461713,1.00015651762,13,0,0.064160823822,0
0.291706235255,2.51220800072e-12,0.598430965578,1.00016132034,13,0,0.0644528865814,0
0.294623297607,2.51331318559e-12,0.598431474971,1.00016616992,13,0,0.064749956131,0
0.297569530583,2.5134359839e-12,0.598431989954,1.0001710661,13,0,0.065043926239,0
0.300545225889,2.51417277382e-12,0.598432510588,1.00017600858,13,0,0.0653409957886,0
0.303550678148,2.51417277382e-12,0.598433036933,1.00018099704,13,0,0.065643787384,0
0.306586184929,2.515400757e-12,0.598433569051,1.00018603113,13,0,0.0659468173981,0
0.309652046779,2.51466396709e-12,0.598434107004,1.00019111048,13,0,0.0662519931793,0
0.312748567246,2.51490956373e-12,0.598434650855,1.00019623469,13,0,0.0666677951813,0
0.315876052919,2.51515516036e-12,0.598435200665,1.00020140332,13,0,0.0670809745789,0
0.319034813448,2.51626034523e-12,0.598435756497,1.00020661594,13,0,0.0674707889557,0
0.322225161583,2.51527795868e-12,0.598436318415,1.00021187206,13,0,0.0678589344025,0
0.325447413198,2.51601474859e-12,0.598436886481,1.00021717117,13,0,0.068253993988,0
0.32870188733,2.5173655301e-12,0.598437460759,1.00022251275,13,0,0.0686500072479,0
0.331988906204,2.51969869815e-12,0.598438041312,1.00022789623,13,0,0.0690448284149,0
0.335308795266,2.51933030319e-12,0.598438628203,1.00023332101,13,0,0.0694479942322,0
0.338661883218,2.5206810847e-12,0.598439221497,1.0002387865,13,0,0.0698509216309,0
0.342048502051,2.51957589983e-12,0.598439821257,1.00024429203,13,0,0.0702538490295,0
0.345468987071,2.52141787461e-12,0.598440427547,1.00024983695,13,0,0.0706648826599,0
0.348923676942,2.52227746284e-12,0.59844104043,1.00025542054,13,0,0.0710768699646,0
0.352412913711,2.52190906788e-12,0.59844165997,1.00026104208,13,0,0.071487903595,0
0.355937042848,2.5220318662e-12,0.59844228623,1.00026670082,13,0,0.0719058513641,0
0.359496413277,2.52129507629e-12,0.598442919274,1.00027239596,13,0,0.0723237991333,0
0.36309137741,2.52301425275e-12,0.598443559164,1.00027812669,13,0,0.0727429389954,0
0.366722291184,2.5226458578e-12,0.598444205963,1.00028389217,13,0,0.0730829238892,0
0.370389514096,2.5239966393e-12,0.598444859734,1.00028969152,13,0,0.0734119415283,0
0.374093409237,2.52338264771e-12,0.598445520539,1.00029552386,13,0,0.0737478733063,0
0.377834343329,2.52485622753e-12,0.598446188439,1.00030138825,13,0,0.0740818977356,0
0.381612686762,2.5253474208e-12,0.598446863495,1.00030728373,13,0,0.0744059085846,0
0.38542881363,2.52620700903e-12,0.598447545767,1.00031320933,13,0,0.0747358798981,0
0.389283101766,2.52780338717e-12,0.598448235317,1.00031916402,13,0,0.0751647949219,0
0.393175932784,2.52841737877e-12,0.598448932202,1.00032514678,13,0,0.0756328105927,0
0.397107692112,2.52915416868e-12,0.598449636481,1.00033115654,13,0,0.0760669708252,0
0.401078769033,2.52854017709e-12,0.598450348211,1.0003371922,13,0,0.0767118930817,0
0.405089556723,2.52792618549e-12,0.59845106745,1.00034325264,13,0,0.0773029327393,0
0.40914045229,2.5286629754e-12,0.598451794252,1.00034933671,13,0,0.0777859687805,0
0.413231856813,2.52952256363e-12,0.598452528672,1.00035544324,13,0,0.0782418251038,0
0.417364175381,2.53111894177e-12,0.598453270763,1.00036157104,13,0,0.0786979198456,0
0.421537817135,2.53161013505e-12,0.598454020577,1.00036771887,13,0,0.0791528224945,0
0.425753195306,2.53234692496e-12,0.598454778165,1.00037388549,13,0,0.0796148777008,0
0.43001072726,2.53148733673e-12,0.598455543575,1.00038006961,13,0,0.0800759792328,0
0.434310834532,2.5325925216e-12,0.598456316855,1.00038626995,13,0,0.0805449485779,0
0.438653942877,2.53161013505e-12,0.598457098051,1.00039248517,13,0,0.0810129642487,0
0.443040482306,2.53418889974e-12,0.598457887206,1.00039871393,13,0,0.0814819335938,0
0.447470887129,2.53296091655e-12,0.598458684362,1.00040495485,13,0,0.0819809436798,0
0.451945596001,2.53320651319e-12,0.59845948956,1.00041120654,13,0,0.0824439525604,0
0.456465051961,2.53369770646e-12,0.598460302836,1.00041746759,13,0,0.0828559398651,0
0.46102970248,2.53246972328e-12,0.598461124225,1.00042373655,13,0,0.0832598209381,0
0.465639999505,2.53185573169e-12,0.598461953762,1.00043001197,13,0,0.0836548805237,0
0.4702963995,2.53197853e-12,0.598462791476,1.00043629237,13,0,0.0840499401093,0
0.474999363495,2.53357490815e-12,0.598463637393,1.00044257624,13,0,0.0844488143921,0
0.47974935713,2.53529408461e-12,0.59846449154,1.00044886207,13,0,0.0848488807678,0
0.484546850701,2.53468009301e-12,0.598465353936,1.00045514831,13,0,0.0852489471436,0
0.489392319208,2.53676766443e-12,0.598466224601,1.00046143342,13,0,0.0856537818909,0
0.4942862424,2.5392236308e-12,0.598467103549,1.00046771581,13,0,0.0860569477081,0
0.499229104824,2.53799564761e-12,0.59846799079,1.0004739939,13,0,0.0865209102631,0
0.504221395873,2.53541688292e-12,0.598468886333,1.00048026606,13,0,0.0869398117065,0
0.509263609831,2.53860963921e-12,0.59846979018,1.00048653069,13,0,0.0873589515686,0
0.51435624593,2.53983762239e-12,0.598470702331,1.00049278614,13,0,0.0877909660339,0
0.519499808389,2.54352157195e-12,0.598471622781,1.00049903076,13,0,0.0882239341736,0
0.524694806473,2.54474955513e-12,0.598472551519,1.00050526287,13,0,0.0886487960815,0
0.529941754538,2.54401276522e-12,0.598473488531,1.0005114808,13,0,0.0890779495239,0
0.535241172083,2.54376716858e-12,0.598474433797,1.00051768286,13,0,0.089507818222,0
0.540593583804,2.54573194168e-12,0.598475387292,1.00052386733,13,0,0.0899438858032,0
0.545999519642,2.54327597531e-12,0.598476348986,1.0005300325,13,0,0.0903859138489,0
0.551459514838,2.54413556354e-12,0.598477318841,1.00053617665,13,0,0.0908269882202,0
0.556974109987,2.54474955513e-12,0.598478296816,1.00054229803,13,0,0.0912749767303,0
0.562543851086,2.54610033664e-12,0.598479282862,1.00054839491,13,0,0.0917208194733,0
0.568169289597,2.54671432823e-12,0.598480276924,1.00055446552,13,0,0.0921738147736,0
0.573850982493,2.54929309292e-12,0.598481278939,1.00056050811,13,0,0.0926258563995,0
0.579589492318,2.5491702946e-12,0.598482288837,1.0005665209,13,0,0.093122959137,0
0.585385387241,2.54941589124e-12,0.598483306543,1.00057250212,13,0,0.0935819149017,0
0.591239241114,2.54880189964e-12,0.59848433197,1.00057844999,13,0,0.0940458774567,0
0.597151633525,2.54818790805e-12,0.598485365026,1.00058436272,13,0,0.094516992569,0
0.60312314986,2.54622313496e-12,0.59848640561,1.00059023853,13,0,0.0949850082397,0
0.609154381359,2.54953868956e-12,0.598487453611,1.00059607561,13,0,0.0954618453979,0
0.615245925172,2.5472055215e-12,0.598488508909,1.00060187218,13,0,0.0959348678589,0
0.621398384424,2.54818790805e-12,0.598489571375,1.00060762643,13,0,0.0964210033417,0
0.627612368268,2.54487235345e-12,0.59849064087,1.00061333656,13,0,0.096911907196,0
0.633888491951,2.54524074841e-12,0.598491717244,1.00061900078,13,0,0.0974287986755,0
0.640227376871,2.54413556354e-12,0.598492800338,1.00062461727,13,0,0.0979218482971,0
0.646629650639,2.54646873159e-12,0.598493889978,1.00063018425,13,0,0.0984230041504,0
0.653095947146,2.5491702946e-12,0.598494985982,1.0006356999,13,0,0.0989618301392,0
0.659626906617,2.54671432823e-12,0.598496088153,1.00064116244,13,0,0.0994780063629,0
0.666223175683,2.54880189964e-12,0.598497196285,1.00064657006,13,0,0.0999867916107,0
0.67288540744,2.54499515177e-12,0.598498310155,1.00065192098,13,0,0.100499868393,0
0.679614261515,2.5438899669e-12,0.598499429528,1.0006572134,13,0,0.101067781448,0
0.68641040413,2.54597753832e-12,0.598500554155,1.00066244554,13,0,0.101620912552,0
0.693274508171,2.54425836186e-12,0.598501683774,1.00066761563,13,0,0.102147817612,0
0.700207253253,2.54634593327e-12,0.598502818103,1.00067272188,13,0,0.10267996788,0
0.707209325785,2.54290758035e-12,0.59850395685,1.00067776254,13,0,0.103215932846,0
0.714281419043,2.54315317699e-12,0.598505099704,1.00068273583,13,0,0.10374879837,0
0.721424233234,2.54266198372e-12,0.598506246335,1.00068764002,13,0,0.104301929474,0
0.728638475566,2.54229358876e-12,0.5985073964,1.00069247335,13,0,0.104851961136,0
0.735924860322,2.54364437027e-12,0.598508549535,1.00069723408,13,0,0.105400800705,0
0.743284108925,2.54474955513e-12,0.598509705358,1.0007019205,13,0,0.105951786041,0
0.750716950014,2.54204799212e-12,0.598510863469,1.00070653089,13,0,0.106514930725,0
0.758224119514,2.53910083248e-12,0.598512023446,1.00071106354,13,0,0.107082843781,0
0.765806360709,2.53455729469e-12,0.598513184847,1.00071551676,13,0,0.107648849487,0
0.773464424316,2.53713605938e-12,0.598514347211,1.00071988886,13,0,0.108222007751,0
0.78119906856,2.53468009301e-12,0.598515510054,1.00072417818,13,0,0.108798980713,0
0.789011059245,2.53222412664e-12,0.59851667287,1.00072838307,13,0,0.109382867813,0
0.796901169838,2.53296091655e-12,0.598517835128,1.00073250187,13,0,0.109992980957,0
0.804870181536,2.53308371487e-12,0.598518996278,1.00073653297,13,0,0.110613822937,0
0.812918883351,2.52952256363e-12,0.598520155742,1.00074047475,13,0,0.111212968826,0
0.821048072185,2.52559301744e-12,0.598521312919,1.00074432562,13,0,0.111815929413,0
0.829258552907,2.52301425275e-12,0.598522467184,1.000748084,13,0,0.112420797348,0
0.837551138436,2.51527795868e-12,0.598523617885,1.00075174833,13,0,0.113029003143,0
0.84592664982,2.51601474859e-12,0.598524764345,1.00075531707,13,0,0.113642930984,0
0.854385916318,2.51675153851e-12,0.598525905861,1.00075878869,13,0,0.11426281929,0
0.862929775481,2.51687433682e-12,0.598527041702,1.00076216169,13,0,0.114887952805,0
0.871559073236,2.51589195028e-12,0.598528171112,1.00076543459,13,0,0.115518808365,0
0.880274663969,2.51355878222e-12,0.598529293306,1.00076860592,13,0,0.116155862808,0
0.889077410608,2.51527795868e-12,0.598530407474,1.00077167425,13,0,0.116804838181,0
0.897968184714,2.51564635364e-12,0.598531512778,1.00077463816,13,0,0.117449998856,0
0.906947866562,2.51331318559e-12,0.598532608352,1.00077749626,13,0,0.118098974228,0
0.916017345227,2.51294479063e-12,0.598533693303,1.00078024719,13,0,0.118754863739,0
0.925177518679,2.51061162258e-12,0.598534766713,1.00078288959,13,0,0.119414806366,0
0.934429293866,2.50840125284e-12,0.598535827637,1.00078542217,13,0,0.120078802109,0
0.943773586805,2.50852405116e-12,0.598536875102,1.00078784362,13,0,0.120761871338,0
0.953211322673,2.50631368143e-12,0.598537908113,1.0007901527,13,0,0.121445894241,0
0.9627434359,2.50422611001e-12,0.598538925648,1.00079234817,13,0,0.122131824493,0
0.972370870259,2.50434890833e-12,0.598539926662,1.00079442885,13,0,0.122838973999,0
0.982094578961,2.50606808479e-12,0.598540910086,1.00079639355,13,0,0.123542785645,0
0.991915524751,2.50312092515e-12,0.598541874831,1.00079824117,13,0,0.12424492836,0
1.00183468,2.50250693355e-12,0.598542819785,1.00079997059,13,0,0.124952793121,0
1.0118530268,2.50152454701e-12,0.598543743817,1.00080158075,13,0,0.125680923462,0
1.02197155707,2.50238413524e-12,0.598544645778,1.00080307065,13,0,0.126400947571,0
1.03219127264,2.5041033117e-12,0.5985455245,1.00080443928,13,0,0.127199888229,0
1.04251318536,2.50299812683e-12,0.598546378802,1.00080568571,13,0,0.127965927124,0
1.05293831722,2.5007877571e-12,0.598547207485,1.00080680902,13,0,0.128700971603,0
1.06346770039,2.50066495878e-12,0.598548009339,1.00080780837,13,0,0.12944483757,0
1.07410237739,2.49931417727e-12,0.59854878314,1.00080868294,13,0,0.13019490242,0
1.08484340117,2.49784059745e-12,0.598549527654,1.00080943195,13,0,0.130950927734,0
1.09569183518,2.49698100922e-12,0.598550241639,1.00081005468,13,0,0.131720781326,0
1.10664875353,2.49820899241e-12,0.598550923841,1.00081055046,13,0,0.132488965988,0
1.11771524107,2.49894578232e-12,0.598551573002,1.00081091867,13,0,0.13326382637,0
1.12889239348,2.49943697559e-12,0.598552187855,1.00081115875,13,0,0.13406586647,0
1.14018131741,2.49747220249e-12,0.598552767128,1.00081127017,13,0,0.134851932526,0
1.15158313059,2.49955977391e-12,0.598553309544,1.00081125249,13,0,0.135648965836,0
1.16309896189,2.498822984e-12,0.598553813821,1.0008111053,13,0,0.136454820633,0
1.17472995151,2.49894578232e-12,0.598554278673,1.00081082828,13,0,0.137275934219,0
1.18647725103,2.49906858064e-12,0.59855470281,1.00081042114,13,0,0.138104915619,0
1.19834202354,2.49820899241e-12,0.598555084938,1.0008098837,13,0,0.138927936554,0
1.21032544377,2.49906858064e-12,0.598555423761,1.0008092158,13,0,0.139755010605,0
1.22242869821,2.50152454701e-12,0.598555717978,1.00080841739,13,0,0.140592813492,0
1.23465298519,2.50557689152e-12,0.598555966284,1.00080748846,13,0,0.141436815262,0
1.24699951504,2.51036602594e-12,0.598556167371,1.00080642911,13,0,0.142283916473,0
1.25946951019,2.51159400913e-12,0.59855631993,1.0008052395,13,0,0.143148899078,0
1.27206420529,2.51466396709e-12,0.598556422644,1.00080391986,13,0,0.144015789032,0
1.28478484735,2.51773392505e-12,0.598556474195,1.00080247054,13,0,0.144889831543,0
1.29763269582,2.51601474859e-12,0.598556473264,1.00080089193,13,0,0.145769834518,0
1.31060902278,2.51933030319e-12,0.598556418525,1.00079918455,13,0,0.1466588974,0
1.32371511301,2.51957589983e-12,0.598556308652,1.00079734899,13,0,0.147557973862,0
1.33695226414,2.51797952169e-12,0.598556142317,1.00079538596,13,0,0.148463010788,0
1.35032178678,2.51859351328e-12,0.598555918191,1.00079329624,13,0,0.149374008179,0
1.36382500465,2.5259614124e-12,0.598555634945,1.00079108074,13,0,0.150295972824,0
1.37746325469,2.52473342921e-12,0.598555291252,1.00078874046,13,0,0.151223897934,0
1.39123788724,2.52510182417e-12,0.598554885788,1.00078627652,13,0,0.152159929276,0
1.40515026611,2.52755779054e-12,0.598554417234,1.00078369015,13,0,0.153175830841,0
1.41920176877,2.52780338717e-12,0.598553884278,1.00078098269,13,0,0.154147863388,0
1.43339378646,2.52547021912e-12,0.598553285619,1.00077815563,13,0,0.15510892868,0
1.44772772433,2.53124174009e-12,0.598552619967,1.00077521055,13,0,0.15607881546,0
1.46220500157,2.53271531992e-12,0.598551886047,1.00077214919,13,0,0.157055854797,0
1.47682705158,2.53345210983e-12,0.598551082604,1.00076897339,13,0,0.158043861389,0
1.4915953221,2.53775005098e-12,0.598550208406,1.00076568517,13,0,0.159037828445,0
1.50651127532,2.53185573169e-12,0.598549262246,1.00076228666,13,0,0.160043954849,0
1.52157638807,2.53222412664e-12,0.598548242949,1.00075878016,13,0,0.161055803299,0
1.53679215196,2.53406610142e-12,0.598547149377,1.00075516809,13,0,0.162078857422,0
1.55216007348,2.53418889974e-12,0.598545980429,1.00075145306,13,0,0.163108825684,0
1.56768167421,2.53836404257e-12,0.598544735055,1.00074763781,13,0,0.164147853851,0
1.58335849095,2.53910083248e-12,0.598543412253,1.00074372527,13,0,0.165210962296,0
1.59919207586,2.54155679885e-12,0.598542011082,1.00073971854,13,0,0.166293859482,0
1.61518399662,2.54192519381e-12,0.598540530664,1.00073562086,13,0,0.167359828949,0
1.63133583659,2.54020601735e-12,0.598538970193,1.00073143568,13,0,0.168437957764,0
1.64764919495,2.54008321903e-12,0.598537328944,1.00072716663,13,0,0.169526815414,0
1.6641256869,2.54180239549e-12,0.598535606275,1.00072281751,13,0,0.170621871948,0
1.68076694377,2.53689046275e-12,0.598533801643,1.00071839235,13,0,0.171727895737,0
1.69757461321,2.5372588577e-12,0.598531914606,1.00071389532,13,0,0.172846794128,0
1.71455035934,2.54094280726e-12,0.598529944836,1.00070933085,13,0,0.173971891403,0
1.73169586293,2.54290758035e-12,0.598527892124,1.00070470354,13,0,0.175107955933,0
1.74901282156,2.54167959717e-12,0.598525756397,1.00070001821,13,0,0.176254987717,0
1.76650294978,2.54278478204e-12,0.59852353772,1.00069527991,13,0,0.177425861359,0
1.78416797928,2.53983762239e-12,0.59852123631,1.00069049388,13,0,0.178644895554,0
1.80200965907,2.53738165602e-12,0.598518852548,1.00068566561,13,0,0.179871797562,0
1.82002975566,2.53615367284e-12,0.598516386986,1.00068080081,13,0,0.181061983109,0
1.83823005322,2.53676766443e-12,0.598513840361,1.00067590543,13,0,0.182263851166,0
1.85661235375,2.53345210983e-12,0.598511213602,1.00067098563,13,0,0.183471918106,0
1.87517847729,2.53345210983e-12,0.598508507843,1.00066604784,13,0,0.184688806534,0
1.89393026206,2.53001375691e-12,0.598505724432,1.00066109872,13,0,0.185920000076,0
1.91286956468,2.52903137036e-12,0.598502864941,1.00065614516,13,0,0.187195777893,0
1.93199826033,2.52632980735e-12,0.598499931174,1.00065119433,13,0,0.188467979431,0
1.95131824293,2.52485622753e-12,0.598496925178,1.00064625363,13,0,0.189759969711,0
1.97083142536,2.52768058886e-12,0.598493849246,1.00064133071,13,0,0.191039800644,0
1.99053973961,2.52436503426e-12,0.598490705929,1.0006364335,13,0,0.192329883575,0
2.01044513701,2.52878577372e-12,0.598487498039,1.00063157015,13,0,0.19362783432,0
2.03054958838,2.52915416868e-12,0.598484228654,1.00062674909,13,0,0.194938898087,0
2.05085508426,2.52878577372e-12,0.598480901122,1.000621979,13,0,0.196292877197,0
2.07136363511,2.52718939558e-12,0.598477519068,1.00061726882,13,0,0.197650909424,0
2.09207727146,2.52620700903e-12,0.598474086388,1.00061262775,13,0,0.199056863785,0
2.11299804417,2.5239966393e-12,0.598470607259,1.00060806522,13,0,0.200423002243,0
2.13412802461,2.52903137036e-12,0.598467086136,1.00060359094,13,0,0.201933860779,0
2.15546930486,2.52559301744e-12,0.598463527749,1.00059921485,13,0,0.203473806381,0
2.17702399791,2.52608421071e-12,0.59845993711,1.00059494714,13,0,0.205045938492,0
2.19879423789,2.52657540399e-12,0.598456319506,1.00059079825,13,0,0.206660985947,0
2.22078218027,2.52461063089e-12,0.598452680502,1.00058677883,13,0,0.208256006241,0
2.24299000207,2.5239966393e-12,0.598449025938,1.00058289977,13,0,0.209860801697,0
2.26541990209,2.52657540399e-12,0.598445361932,1.00057917218,13,0,0.211519002914,0
2.28807410111,2.5206810847e-12,0.598441694877,1.00057560738,13,0,0.213205814362,0
2.31095484212,2.5187163116e-12,0.598438031444,1.00057221689,13,0,0.214873790741,0
2.33406439054,2.51810232001e-12,0.598434378584,1.0005690124,13,0,0.216559886932,0
2.35740503445,2.51490956373e-12,0.598430743527,1.0005660058,13,0,0.21924495697,0
2.38097908479,2.5120852024e-12,0.598427133789,1.00056320912,13,0,0.221452951431,0
2.40478887564,2.5134359839e-12,0.598423557171,1.00056063454,13,0,0.223371982574,0
2.4288367644,2.51564635364e-12,0.598420021768,1.00055829437,13,0,0.225197792053,0
2.45312513204,2.51122561417e-12,0.598416535965,1.00055620102,13,0,0.226980924606,0
2.47765638336,2.50791005957e-12,0.598413108447,1.00055436697,13,0,0.228824853897,0
2.50243294719,2.50901524444e-12,0.598409748201,1.0005528048,13,0,0.230680942535,0
2.52745727667,2.50569968984e-12,0.598406464515,1.00055152708,13,0,0.232533931732,0
2.55273184943,2.50791005957e-12,0.598403266986,1.00055054641,13,0,0.23442697525,0
2.57825916793,2.50926084107e-12,0.598400165516,1.00054987536,13,0,0.236904859543,0
2.60404175961,2.5134359839e-12,0.598397170312,1.00054952645,13,0,0.239265918732,0
2.6300821772,2.51429557213e-12,0.598394291886,1.0005495121,13,0,0.241462945938,0
2.65638299897,2.5140499755e-12,0.598391541047,1.0005498446,13,0,0.24325299263,0
2.68294682896,2.51773392505e-12,0.59838892889,1.00055053609,13,0,0.244947910309,0
2.70977629725,2.51515516036e-12,0.598386466769,1.00055159845,13,0,0.246704816818,0
2.73687406023,2.51613754691e-12,0.598384166269,1.00055304335,13,0,0.248537778854,0
2.76424280083,2.51355878222e-12,0.598382039145,1.00055488212,13,0,0.250302791595,0
2.79188522884,2.51183960576e-12,0.598380097246,1.00055712572,13,0,0.25207400322,0
2.81980408113,2.51368158054e-12,0.598378352403,1.00055978471,13,0,0.25386095047,0
2.84800212194,2.51368158054e-12,0.598376816273,1.00056286914,13,0,0.255705833435,0
2.87648214316,2.51147121081e-12,0.598375500153,1.00056638854,13,0,0.257613897324,0
2.90524696459,2.51159400913e-12,0.598374414725,1.00057035179,13,0,0.259465932846,0
2.93429943423,2.50950643771e-12,0.598373569765,1.0005747671,13,0,0.261318922043,0
2.96364242858,2.51466396709e-12,0.598372973796,1.0005796419,13,0,0.26318693161,0
2.99327885286,2.51785672337e-12,0.598372633695,1.00058498277,13,0,0.265072822571,0
3.02321164139,2.51429557213e-12,0.598372554283,1.00059079536,13,0,0.266994953156,0
3.0534437578,2.50815565621e-12,0.598372737904,1.00059708426,13,0,0.269343852997,0
3.08397819538,2.5034893201e-12,0.598373184069,1.00060385295,13,0,0.27260684967,0
3.11481797734,2.50041936214e-12,0.598373889194,1.00061110366,13,0,0.274796962738,0
3.14596615711,2.50312092515e-12,0.59837484655,1.00061883727,13,0,0.276784896851,0
3.17742581868,2.50189294196e-12,0.598376046483,1.0006270532,13,0,0.278803825378,0
3.20920007687,2.49759500081e-12,0.598377477005,1.00063574926,13,0,0.280819892883,0
3.24129207764,2.49464784117e-12,0.598379124764,1.00064492155,13,0,0.282954931259,0
3.27370499841,2.49096389161e-12,0.598380976356,1.0006545643,13,0,0.285038948059,0
3.3064420484,2.49305146303e-12,0.598383019791,1.0006646697,13,0,0.287125825882,0
3.33950646888,2.49243747143e-12,0.598385245866,1.00067522779,13,0,0.289218902588,0
3.37290153357,2.49477063949e-12,0.598387649139,1.00068622623,13,0,0.291325807571,0
3.4066305489,2.49206907648e-12,0.598390228265,1.00069765017,13,0,0.293455839157,0
3.44069685439,2.49415664789e-12,0.598392985592,1.00070948202,13,0,0.295603990555,0
3.47510382294,2.50373491674e-12,0.598395926124,1.00072170124,13,0,0.297800779343,0
3.50985486117,2.50471730329e-12,0.598399056072,1.00073428412,13,0,0.300002813339,0
3.54495340978,2.50913804276e-12,0.598402381307,1.00074720355,13,0,0.302208900452,0
3.58040294388,2.51294479063e-12,0.598405905966,1.0007604287,13,0,0.304440975189,0
3.61620697332,2.51159400913e-12,0.59840963137,1.00077392479,13,0,0.306692838669,0
3.65236904305,2.51773392505e-12,0.598413555306,1.00078765271,13,0,0.309073925018,0
3.68889273348,2.5187163116e-12,0.598417671628,1.0008015687,13,0,0.311412811279,0
3.72578166081,2.52289145443e-12,0.598421970119,1.00081562396,13,0,0.31373000145,0
3.76303947742,2.52522462248e-12,0.598426436511,1.00082976418,13,0,0.316068887711,0
3.8006698722,2.52276865611e-12,0.598431052633,1.00084392904,13,0,0.318434000015,0
3.83867657092,2.52780338717e-12,0.598435796638,1.00085805172,13,0,0.321161985397,0
3.87706333663,2.52632980735e-12,0.598440643307,1.00087205818,13,0,0.325818777084,0
3.91583396999,2.52694379894e-12,0.598445564461,1.00088586651,13,0,0.329518795013,0
3.95499230969,2.52657540399e-12,0.598450529479,1.00089938606,13,0,0.332812786102,0
3.99454223279,2.52411943762e-12,0.598455505948,1.00091251651,13,0,0.335399866104,0
4.03448765512,2.52375104266e-12,0.598460460401,1.00092514678,13,0,0.337901830673,0
4.07483253167,2.52485622753e-12,0.598465359105,1.00093715375,13,0,0.340423822403,0
4.11558085699,2.52227746284e-12,0.59847016878,1.0009484008,13,0,0.342968940735,0
4.15673666556,2.52559301744e-12,0.598474857158,1.00095873611,13,0,0.345554828644,0
4.19830403221,2.5306277485e-12,0.598479393308,1.00096799074,13,0,0.34819984436,0
4.24028707253,2.53332931151e-12,0.598483747695,1.0009759763,13,0,0.350828886032,0
4.28268994326,2.53173293337e-12,0.598487892041,1.0009824825,13,0,0.353478908539,0
4.32551684269,2.53001375691e-12,0.598491799074,1.00098727417,13,0,0.356152772903,0
4.36877201112,2.53369770646e-12,0.598495442291,1.00099008814,13,0,0.358974933624,0
4.41245973123,2.5286629754e-12,0.598498795823,1.00099062979,13,0,0.361710786819,0
4.45658432854,2.53173293337e-12,0.598501834453,1.00098856948,13,0,0.364464998245,0
4.50115017183,2.53811844593e-12,0.598504533808,1.00098353904,13,0,0.36723780632,0
4.54616167355,2.53836404257e-12,0.598506870683,1.00097512869,13,0,0.370059967041,0
4.59162329028,2.53222412664e-12,0.598508823457,1.00096288481,13,0,0.372931003571,0
4.63753952318,2.53210132832e-12,0.59851037256,1.00094630931,13,0,0.375789880753,0
4.68391491842,2.52878577372e-12,0.598511500919,1.00092486169,13,0,0.378696918488,0
4.7307540676,2.53001375691e-12,0.598512194336,1.00089796517,13,0,0.381644964218,0
4.77806160828,2.52718939558e-12,0.598512441734,1.00086501901,13,0,0.384639978409,0
4.82584222436,2.52645260567e-12,0.598512235201,1.00082542017,13,0,0.387641906738,0
4.8741006466,2.52362824434e-12,0.598511569744,1.00077859891,13,0,0.390635967255,0
4.92284165307,2.51650594187e-12,0.598510442655,1.00072407516,13,0,0.39383482933,0
4.9720700696,2.5074188663e-12,0.598508852361,1.00066154551,13,0,0.396906852722,0
5.02179077029,2.50189294196e-12,0.598506796684,1.0005910139,13,0,0.399991989136,0
5.072008678,2.50385771506e-12,0.59850427047,1.00051298065,13,0,0.403099775314,0
5.12272876478,2.49427944621e-12,0.598501262751,1.00042869955,13,0,0.406906843185,0
5.17395605243,2.4783156648e-12,0.598497753941,1.00034049295,13,0,0.411191940308,0
5.22569561295,2.46186069012e-12,0.598493714123,1.00025206743,13,0,0.414533853531,0
5.27795256908,2.44614250534e-12,0.598489104139,1.00016869114,13,0,0.417814970016,0
5.33073209477,2.4332486819e-12,0.598483881638,1.00009700104,13,0,0.421101808548,0
5.38403941572,2.42821395084e-12,0.598478013672,1.00004419246,13,0,0.424403905869,0
5.43787980987,2.421337245e-12,0.598471494846,1.00001654067,13,0,0.427833795547,0
5.49225860797,2.42968753066e-12,0.598464365598,1.0000176512,13,0,0.431197881699,0
5.54718119405,2.44209016083e-12,0.598456721862,1.0000472489,13,0,0.434631824493,0
5.60265300599,2.45891353047e-12,0.598448709705,1.00010121092,13,0,0.438149929047,0
5.65867953605,2.46984258082e-12,0.598440506545,1.0001728392,13,0,0.441603899002,0
5.71526633141,2.47819286648e-12,0.598432297809,1.00025465499,13,0,0.445119857788,0
5.77241899473,2.49317426135e-12,0.59842425832,1.00033989138,13,0,0.44864487648,0
5.83014318468,2.49747220249e-12,0.598416542561,1.00042328495,13,0,0.452200889587,0
5.88844461652,2.49305146303e-12,0.598409282794,1.00050122845,13,0,0.455788850784,0
5.94732906269,2.49120948825e-12,0.598402591853,1.00057154905,13,0,0.459403991699,0
6.00680235331,2.49427944621e-12,0.598396567588,1.00063315539,13,0,0.463179826736,0
6.06687037685,2.50508569824e-12,0.59839129699,1.00068569693,13,0,0.46687078476,0
6.12753908062,2.50434890833e-12,0.598386858908,1.00072929309,13,0,0.470590829849,0
6.18881447142,2.50950643771e-12,0.598383324918,1.00076433974,13,0,0.474381923676,0
6.25070261614,2.50619088311e-12,0.598380758471,1.00079138059,13,0,0.478202819824,0
6.3132096423,2.50177014364e-12,0.598379212993,1.00081102635,13,0,0.482047796249,0
6.37634173872,2.49661261426e-12,0.598378729888,1.00082390661,13,0,0.485948801041,0
6.44010515611,2.4915778832e-12,0.598379337412,1.0008306428,13,0,0.48997592926,0
6.50450620767,2.48114002613e-12,0.598381050864,1.00083183448,13,0,0.493927955627,0
6.56955126975,2.48101722781e-12,0.598383873729,1.00082805364,13,0,0.497944831848,0
6.63524678244,2.47807006816e-12,0.598387798655,1.00081984366,13,0,0.501990795135,0
6.70159925027,2.48396438745e-12,0.598392807002,1.00080772088,13,0,0.506087779999,0
6.76861524277,2.48052603454e-12,0.598398866381,1.00079217765,13,0,0.510223865509,0
6.8363013952,2.48187681604e-12,0.59840592668,1.00077368609,13,0,0.5145008564,0
6.90466440915,2.47794726985e-12,0.59841391571,1.00075270212,13,0,0.518687009811,0
6.97371105324,2.47377212702e-12,0.598422735641,1.00072966964,13,0,0.5229408741,0
7.04344816377,2.47561410179e-12,0.598432261083,1.00070502438,13,0,0.52725481987,0
7.11388264541,2.47475451356e-12,0.598442339535,1.00067919729,13,0,0.531559944153,0
7.18502147187,2.47782447153e-12,0.598452794884,1.00065261712,13,0,0.535938978195,0
7.25687168658,2.47536850516e-12,0.598463434336,1.0006257118,13,0,0.540453910828,0
7.32944040345,2.47794726985e-12,0.598474057981,1.00059890846,13,0,0.54488492012,0
7.40273480748,2.47242134551e-12,0.598484468488,1.00057263208,13,0,0.549388885498,0
7.47676215556,2.47450891693e-12,0.598494477555,1.00054730279,13,0,0.553910970688,0
7.55152977712,2.47892965639e-12,0.598503907218,1.00052333213,13,0,0.558470010757,0
7.62704507489,2.48396438745e-12,0.59851258704,1.00050111873,13,0,0.563105821609,0
7.70331552564,2.48445558073e-12,0.598520350124,1.00048104355,13,0,0.567899942398,0
7.78034868089,2.48985870674e-12,0.598527030463,1.00046346506,13,0,0.572595834732,0
7.8581521677,2.4855607656e-12,0.598532462666,1.0004487144,13,0,0.577371835709,0
7.93673368938,2.49010430338e-12,0.598536484579,1.00043709056,13,0,0.582186937332,0
8.01610102627,2.48961311011e-12,0.598538944126,1.00042885557,13,0,0.587020874023,0
8.09626203653,2.49366545462e-12,0.598539712102,1.00042422955,13,0,0.592018842697,0
8.1772246569,2.48666595046e-12,0.598538699099,1.00042338561,13,0,0.596987009048,0
8.25899690347,2.48482397568e-12,0.598535866777,1.00042644439,13,0,0.60199379921,0
8.3415868725,2.47807006816e-12,0.598531219209,1.00043346845,13,0,0.607082843781,0
8.42500274123,2.46873739596e-12,0.598524769214,1.00044445632,13,0,0.61216378212,0
8.50925276864,2.46222908507e-12,0.598516497026,1.00045933663,13,0,0.617367982864,0
8.59434529633,2.45105443809e-12,0.598506344801,1.00047796277,13,0,0.62260890007,0
8.68028874929,2.4511772364e-12,0.598494295767,1.0005001087,13,0,0.627865791321,0
8.76709163678,2.46296587498e-12,0.598480516484,1.00052546672,13,0,0.633143901825,0
8.85476255315,2.46493064808e-12,0.598465429236,1.00055364749,13,0,0.638498783112,0
8.94331017868,2.47929805135e-12,0.598449627678,1.00058418157,13,0,0.644073009491,0
9.03274328047,2.48715714374e-12,0.59843372994,1.00061652023,13,0,0.649511814117,0
9.12307071327,2.48752553869e-12,0.598418290484,1.00065003237,13,0,0.656598806381,0
9.21430142041,2.48322759754e-12,0.5984037803,1.00068399446,13,0,0.665993928909,0
9.30644443461,2.46419385817e-12,0.598390591297,1.00071757181,13,0,0.673607826233,0
9.39950887896,2.44970365658e-12,0.598379038856,1.00074979159,13,0,0.679327011108,0
9.49350396775,2.44663369862e-12,0.598369364484,1.00077950915,13,0,0.68715596199,0
9.58843900742,2.43914300119e-12,0.598361755873,1.00080536844,13,0,0.696342945099,0
9.6843233975,2.43766942136e-12,0.598356394599,1.00082575554,13,0,0.703645944595,0
9.78116663147,2.44049378269e-12,0.598353503347,1.00083874306,13,0,0.710716962814,0
9.87897829779,2.44994925322e-12,0.598353338166,1.00084202245,13,0,0.718402862549,0
9.97776808077,2.45989591702e-12,0.598356119263,1.00083282512,13,0,0.725696802139,0
10.0775457616,2.46603583295e-12,0.598361957099,1.00080784486,13,0,0.73183298111,0
10.1783212192,2.46100110189e-12,0.59837081879,1.00076320707,13,0,0.740831851959,0
10.2801044314,2.45572077419e-12,0.598382535082,1.00069461398,13,0,0.747425794601,0
10.3829054757,2.45608916915e-12,0.598396826017,1.00059799527,13,0,0.754211902618,0
10.4867345305,2.4465109003e-12,0.598413311649,1.00047141335,13,0,0.76161980629,0
10.5916018758,2.44196736251e-12,0.598431471422,1.0003195785,13,0,0.770153999329,0
10.6975178945,2.42072325341e-12,0.598450545987,1.00016199088,13,0,0.779012918472,0
10.8044930735,2.39775996784e-12,0.598469456298,1.00004017267,13,0,0.787792921066,0
10.9125380042,2.39002367377e-12,0.598486945268,1.00000647009,13,0,0.794732809067,0
11.0216633842,2.38548013598e-12,0.598502049965,1.00008424409,13,0,0.814033985138,0
11.1318800181,2.40389988377e-12,0.598514426986,1.00024311839,13,0,0.825142860413,0
11.2431988183,2.41310975766e-12,0.598524092442,1.00042854982,13,0,0.835338830948,0
11.3556308064,2.42710876597e-12,0.598531038111,1.00060021354,13,0,0.846772909164,0
11.4691871145,2.43509065668e-12,0.598535137022,1.00074027699,13,0,0.855053901672,0
11.5838789857,2.42649477438e-12,0.598536220984,1.00084514531,13,0,0.863358974457,0
11.6997177755,2.43152950544e-12,0.598534169606,1.00091741843,13,0,0.87047290802,0
11.8167149533,2.42895074075e-12,0.59852896303,1.00096164461,13,0,0.878259897232,0
11.9348821028,2.41347815261e-12,0.598520694861,1.00098258278,13,0,0.885561943054,0
12.0542309238,2.40500506863e-12,0.59850955731,1.00098462236,13,0,0.894708871841,0
12.1747732331,2.38965527882e-12,0.598495838082,1.00097166005,13,0,0.904145956039,0
12.2965209654,2.38548013598e-12,0.598479988356,1.00094713657,13,0,0.912196874619,0
12.419486175,2.37516507723e-12,0.598462733568,1.0009141158,13,0,0.919762849808,0
12.5436810368,2.39763716952e-12,0.598445065297,1.00087536124,13,0,0.927738904953,0
12.6691178472,2.39174285023e-12,0.59842807341,1.0008333941,13,0,0.935528993607,0
12.7958090256,2.39579519474e-12,0.59841277684,1.00079052979,13,0,0.943667888641,0
12.9237671159,2.4027946989e-12,0.598400046449,1.00074889446,13,0,0.95151591301,0
13.0530047871,2.40635585014e-12,0.598390596229,1.0007104251,13,0,0.960313796997,0
13.1835348349,2.40623305182e-12,0.598385003371,1.00067685658,13,0,0.968268871307,0
13.3153701833,2.40696984173e-12,0.598383722201,1.00064969893,13,0,0.976269960403,0
13.4485238851,2.39984753925e-12,0.598387048849,1.00063020732,13,0,0.984407901764,0
13.583009124,2.4080750266e-12,0.598395002651,1.0006193471,13,0,0.992555856705,0
13.7188392152,2.40918021146e-12,0.598407105524,1.00061775524,13,0,1.00075888634,0
13.8560276073,2.39677758129e-12,0.598422077924,1.00062569965,13,0,1.00915193558,0
13.9945878834,2.37884902678e-12,0.59843778877,1.00064303668,13,0,1.01753997803,0
14.1345337623,2.39861955607e-12,0.598452212341,1.00066916739,13,0,1.02600979805,0
14.2758790999,2.42084605172e-12,0.598464712825,1.00070299279,13,0,1.03477096558,0
14.4186378909,2.44049378269e-12,0.59847550169,1.00074286851,13,0,1.04349589348,0
14.5628242698,2.45191402632e-12,0.598484428584,1.00078655935,13,0,1.05220580101,0
14.7084525125,2.45265081623e-12,0.598490870387,1.00083119027,13,0,1.06127786636,0
14.8555370376,2.44589690871e-12,0.598494103292,1.00087317897,13,0,1.0702059269,0
15.004092408,2.44823007676e-12,0.598493641966,1.00090811553,13,0,1.07920598984,0
15.1541333321,2.44344094234e-12,0.598489466856,1.00093053792,13,0,1.08860778809,0
15.3056746654,2.45412439605e-12,0.598482025685,1.00093354982,13,0,1.0978808403,0
15.458731412,2.45817674056e-12,0.598472106697,1.00090825537,13,0,1.10711097717,0
15.6133187262,2.47131616065e-12,0.598460751932,1.00084312809,13,0,1.11657595634,0
15.7694519134,2.47782447153e-12,0.598449204917,1.00072410774,13,0,1.12598395348,0
15.9271464326,2.48040323622e-12,0.59843880724,1.00053892504,13,0,1.13553094864,0
16.0864178969,2.46849179932e-12,0.598430646348,1.00029702685,13,0,1.14528393745,0
16.2472820758,2.43619584154e-12,0.598424770654,1.00007922759,13,0,1.15502786636,0
16.4097548966,2.41974086686e-12,0.598420043789,1.00004295549,13,0,1.16493177414,0
16.5738524456,2.44466892552e-12,0.598416528847,1.0002262942,13,0,1.17489290237,0
16.73959097,2.46026431198e-12,0.598416265688,1.00048055163,13,0,1.1848859787,0
16.9069868797,2.47647369002e-12,0.598420600872,1.0006889372,13,0,1.19506597519,0
17.0760567485,2.47856126144e-12,0.598429416338,1.00082425394,13,0,1.20526480675,0
17.246817316,2.47721047994e-12,0.59844169694,1.00089544562,13,0,1.2160358429,0
17.4192854892,2.47352653038e-12,0.59845592142,1.00091765314,13,0,1.22646594048,0
17.5934783441,2.48310479923e-12,0.598470279792,1.0009045413,13,0,1.23701786995,0
17.7694131275,2.46775500941e-12,0.598482806449,1.00086748269,13,0,1.24774885178,0
17.9471072588,2.45387879941e-12,0.598491558486,1.00081600986,13,0,1.25846195221,0
18.1265783314,2.43877460623e-12,0.598494972548,1.00075824366,13,0,1.26938891411,0
18.3078441147,2.43742382473e-12,0.598492204245,1.00070114748,13,0,1.2805109024,0
18.4909225558,2.4637026649e-12,0.598483603767,1.00065064603,13,0,1.29158091545,0
18.6758317814,2.47880685808e-12,0.598470762037,1.00061164219,13,0,1.30284285545,0
18.8625900992,2.46136949684e-12,0.598455844441,1.00058795723,13,0,1.31416797638,0
19.0512160002,2.44626530366e-12,0.598441253854,1.00058222047,13,0,1.32645177841,0
19.2417281602,2.42428440464e-12,0.598428715565,1.00059573246,13,0,1.34689879417,0
19.4341454418,2.41642531226e-12,0.598418148242,1.00062832068,13,0,1.36375498772,0
19.6284868962,2.44061658101e-12,0.598410121919,1.0006781976,13,0,1.37845897675,0
19.8247717652,2.4531420095e-12,0.598407847612,1.00074181824,13,0,1.39036178589,0
20.0230194828,2.44270415243e-12,0.598413062236,1.00081371433,13,0,1.40270280838,0
20.2232496777,2.44159896756e-12,0.598424933851,1.00088625029,13,0,1.41874790192,0
20.4254821744,2.43840621128e-12,0.598441023778,1.00094919481,13,0,1.43130779266,0
20.6297369962,2.46222908507e-12,0.59845855475,1.00098892907,13,0,1.44392299652,0
20.8360343661,2.47524570684e-12,0.598475402646,1.00098704948,13,0,1.456553936,0
21.0443947098,2.46996537914e-12,0.598489540353,1.00091831863,13,0,1.46915793419,0
21.2548386569,2.47131616065e-12,0.598498895419,1.00075011826,13,0,1.48204994202,0
21.4673870435,2.46321147162e-12,0.598501731236,1.00045988524,13,0,1.49486994743,0
21.6820609139,2.43054711889e-12,0.598496179246,1.00013700079,13,0,1.50789690018,0
21.898881523,2.44393213561e-12,0.598479889012,1.00009983988,13,0,1.52096986771,0
22.1178703383,2.46542184136e-12,0.598455500381,1.00039361504,13,0,1.53429389,0
22.3390490417,2.45817674056e-12,0.598430140336,1.00068891256,13,0,1.54796600342,0
22.5624395321,2.44098497597e-12,0.598407874317,1.000861153,13,0,1.56174087524,0
22.7880639274,2.44012538774e-12,0.598391663949,1.00092708146,13,0,1.57553887367,0
23.0159445667,2.43103831216e-12,0.598385569787,1.00092118064,13,0,1.58976984024,0
23.2461040123,2.42821395084e-12,0.598391898491,1.00087154082,13,0,1.60405397415,0
23.4785650525,2.43165230376e-12,0.598410124994,1.00079963784,13,0,1.6183848381,0
23.713350703,2.437915018e-12,0.598437558135,1.00072218005,13,0,1.63293480873,0
23.95048421,2.4431953457e-12,0.598469737024,1.0006526413,13,0,1.64737296104,0
24.1899890521,2.43545905163e-12,0.598501277767,1.00060251782,13,0,1.66214179993,0
24.4318889426,2.4226880265e-12,0.598526366807,1.000581207,13,0,1.6774327755,0
24.6762078321,2.38277857298e-12,0.59853776046,1.00059443788,13,0,1.69297480583,0
24.9229699104,2.39861955607e-12,0.598528608296,1.00064235098,13,0,1.70816779137,0
25.1721996095,2.41237296775e-12,0.598501850805,1.00071730666,13,0,1.72437095642,0
25.4239216056,2.39690037961e-12,0.598464966317,1.00080367791,13,0,1.74562191963,0
25.6781608216,2.40291749722e-12,0.598424733428,1.0008837841,13,0,1.76437687874,0
25.9349424298,2.39542679979e-12,0.598389342133,1.00094212542,13,0,1.78414988518,0
26.1942918541,2.37320030413e-12,0.598366460844,1.00095764231,13,0,1.80291199684,0
26.4562347727,2.37663865705e-12,0.598361418032,1.00089349654,13,0,1.82123398781,0
26.7207971204,2.35969248909e-12,0.598376913416,1.00069244349,13,0,1.83953094482,0
26.9880050916,2.33967636317e-12,0.598410448774,1.00031898413,13,0,1.85639977455,0
27.2578851425,2.30124048947e-12,0.59845322527,1.00005462307,13,0,1.87308287621,0
27.530463994,2.32481776663e-12,0.598492552472,1.00035371546,13,0,1.88972687721,0
27.8057686339,2.33108048087e-12,0.598523186217,1.00075281411,13,0,1.90677690506,0
28.0838263202,2.32678253972e-12,0.598539226802,1.00096507812,13,0,1.9242618084,0
28.3646645834,2.3219934053e-12,0.598534756087,1.00102672346,13,0,1.94215798378,0
28.6483112293,2.31855505238e-12,0.598507957582,1.00099861107,13,0,1.96474099159,0
28.9347943416,2.32923850609e-12,0.598464146002,1.00092526185,13,0,1.98263692856,0
29.224142285,2.32837891786e-12,0.598416335122,1.00083941922,13,0,2.00092887878,0
29.5163837078,2.34323751441e-12,0.59837897279,1.00076586461,13,0,2.01900887489,0
29.8115475449,2.32223900194e-12,0.598364414447,1.0007223908,13,0,2.0372428894,0
30.1096630204,2.29338139708e-12,0.598374429968,1.00071932912,13,0,2.05565690994,0
30.4107596506,2.34827224547e-12,0.598402815358,1.00075856282,13,0,2.0767788887,0
30.7148672471,2.36804277475e-12,0.598448845066,1.00083244371,13,0,2.09543800354,0
31.0220159195,2.33734319512e-12,0.598499392389,1.00092275036,13,0,2.11448979378,0
31.3322360787,2.36165726219e-12,0.598534237252,1.00099977504,13,0,2.13345098495,0
31.6455584395,2.38118219484e-12,0.598541505662,1.00101994724,13,0,2.15632891655,0
31.9620140239,2.38302416961e-12,0.598519776266,1.00091609379,13,0,2.17925286293,0
32.2816341642,2.38928688386e-12,0.59847606174,1.00058751105,13,0,2.20471978188,0
32.6044505058,2.32481776663e-12,0.598424292959,1.00009900787,13,0,2.22503685951,0
32.9304950109,2.35134220343e-12,0.598374622396,1.00023052402,13,0,2.24652886391,0
33.259799961,2.38535733767e-12,0.598348221605,1.0006757909,13,0,2.27132678032,0
33.5923979606,2.39665478297e-12,0.598361227346,1.00087193575,13,0,2.29596281052,0
33.9283219402,2.39837395943e-12,0.598409200248,1.00087707734,13,0,2.3170979023,0
34.2676051596,2.39591799306e-12,0.59847515194,1.00078757809,13,0,2.33831381798,0
34.6102812112,2.36742878316e-12,0.598535267401,1.00067166207,13,0,2.36336493492,0
34.9563840233,2.36791997643e-12,0.598567078397,1.00057798101,13,0,2.39123296738,0
35.3059478635,2.32137941371e-12,0.598557930779,1.00053904647,13,0,2.4134478569,0
35.6590073422,2.36349923697e-12,0.598500038707,1.00057086754,13,0,2.43645477295,0
36.0155974156,2.40672424509e-12,0.598418276672,1.00066970438,13,0,2.46420288086,0
36.3757533897,2.40254910226e-12,0.59835251793,1.00081056415,13,0,2.48669099808,0
36.7395109236,2.36411322856e-12,0.598327689956,1.00095095107,13,0,2.50965285301,0
37.1069060329,2.39972474094e-12,0.598350596881,1.00102493793,13,0,2.532766819,0
37.4779750932,2.37934022006e-12,0.59841668189,1.00092065039,13,0,2.55599784851,0
37.8527548441,2.3690251613e-12,0.598501791625,1.00048630347,13,0,2.57926797867,0
38.2312823926,2.33709759848e-12,0.598565545133,1.00019793254,13,0,2.60267877579,0
38.6135952165,2.37516507723e-12,0.598573213531,1.00075133185,13,0,2.62624979019,0
38.9997311687,2.37270911086e-12,0.59853008304,1.00107648514,13,0,2.65027880669,0
39.3897284803,2.37553347218e-12,0.598454470548,1.00110962786,13,0,2.67381882668,0
39.7836257651,2.37320030413e-12,0.598378288572,1.00100406235,13,0,2.69764780998,0
40.1814620228,2.39039206873e-12,0.598335927105,1.00086079785,13,0,2.72207784653,0
40.583276643,2.34102714467e-12,0.598351553629,1.00074706515,13,0,2.75473189354,0
40.9891094095,2.34360590936e-12,0.598408806468,1.00070245809,13,0,2.78159093857,0
41.3990005036,2.33709759848e-12,0.598480027888,1.00073641704,13,0,2.81265282631,0
41.8129905086,2.31437990955e-12,0.59853643936,1.00082732222,13,0,2.84216880798,0
42.2311204137,2.29792493486e-12,0.59854953564,1.00092059811,13,0,2.86859583855,0
42.6534316178,2.30222287601e-12,0.598515253342,1.00091495657,13,0,2.8949239254,0
43.079965934,2.29620575841e-12,0.598454918352,1.00062786423,13,0,2.92112994194,0
43.5107655933,2.25875227125e-12,0.598404101716,1.00000691696,13,0,2.94794797897,0
43.9458732493,2.28282074168e-12,0.598377883971,1.00036137668,13,0,2.97462296486,0
44.3853319818,2.28453991814e-12,0.598389244596,1.00083273412,13,0,3.00224781036,0
44.8291853016,2.25605070824e-12,0.598430967993,1.00091714797,13,0,3.02969193459,0
45.2774771546,2.24475326294e-12,0.598472866628,1.00084097897,13,0,3.05690693855,0
45.7302519261,2.2531035486e-12,0.598493665535,1.00073105705,13,0,3.08467292786,0
46.1875544454,2.19661632207e-12,0.598490891498,1.00064334589,13,0,3.11220479012,0
46.6494299899,2.22178997737e-12,0.598465105736,1.00064444016,13,0,3.14076089859,0
47.1159242897,2.24905120409e-12,0.598446454574,1.0007512329,13,0,3.1693918705,0
47.5870835326,2.25273515364e-12,0.598443208263,1.00090328913,13,0,3.19784879684,0
48.062954368,2.24806881754e-12,0.598450077632,1.00096656751,13,0,3.22688984871,0
48.5435839117,2.25040198559e-12,0.598451354685,1.00068563495,13,0,3.25739693642,0
49.0290197508,2.20300183463e-12,0.59844045567,1.00004484264,13,0,3.28728699684,0
49.5193099483,2.28945185089e-12,0.598415574392,1.00058751664,13,0,3.31687092781,0
50.0145030478,2.2901886408e-12,0.598418523146,1.00089421726,13,0,3.3469247818,0
50.5146480782,2.2743476577e-12,0.59845536284,1.00082781541,13,0,3.3833398819,0
51.019794559,2.27778601062e-12,0.598503156151,1.0006606859,13,0,3.41382980347,0
51.5299925046,2.23959573356e-12,0.598523609507,1.00054588703,13,0,3.44548177719,0
52.0452924297,2.26206782585e-12,0.59848095396,1.00055940055,13,0,3.48214483261,0
52.565745354,2.25555951497e-12,0.598409396712,1.00070660103,13,0,3.51627779007,0
53.0914028075,2.24438486798e-12,0.598357916861,1.00090485186,13,0,3.55402898788,0
53.6223168356,2.28061037195e-12,0.59837670365,1.00095826529,13,0,3.58806300163,0
54.1585400039,2.2868730862e-12,0.598468594597,1.00050331254,13,0,3.62140393257,0
54.700125404,2.29104822903e-12,0.5985565027,1.0003073215,13,0,3.65488290787,0
55.247126658,2.30062649787e-12,0.598556903672,1.00100155882,13,0,3.69313979149,0
55.7995979246,2.28920625425e-12,0.598468464391,1.00108854773,13,0,3.73207879066,0
56.3575939038,2.29522337186e-12,0.598357198992,1.00092659222,13,0,3.76994299889,0
56.9211698429,2.21896561604e-12,0.598325541638,1.000764225,13,0,3.80506682396,0
57.4903815413,2.25752428806e-12,0.598393055241,1.00072837546,13,0,3.8433599472,0
58.0652853567,2.24303408648e-12,0.59852075074,1.00083100595,13,0,3.88517689705,0
58.6459382103,2.2345610025e-12,0.598590701943,1.00094710744,13,0,3.92071700096,0
59.2323975924,2.24610404444e-12,0.598534929993,1.00079853794,13,0,3.95637989044,0
59.8247215683,2.20729977578e-12,0.598408292667,1.00000527774,13,0,3.99230599403,0
60.422968784,2.25347194355e-12,0.5983210004,1.00045897023,13,0,4.02932977676,0
61.0271984718,2.23038585967e-12,0.598366768588,1.00077720134,13,0,4.07528185844,0
61.6374704565,2.25089317886e-12,0.598486805311,1.00063976624,13,0,4.12087392807,0
62.2538451611,2.19428315402e-12,0.598557367568,1.00046726924,13,0,4.15868878365,0
62.8763836127,2.2325962294e-12,0.598504874075,1.00046199958,13,0,4.19714379311,0
63.5051474488,2.22375475047e-12,0.598408517946,1.0006522955,13,0,4.23578882217,0
64.1401989233,2.22031639755e-12,0.598377523135,1.00089441925,13,0,4.27653193474,0
64.7816009126,2.26489218718e-12,0.598441629501,1.00081037316,13,0,4.31635499001,0
65.4294169217,2.21380808666e-12,0.598521414327,1.00013645053,13,0,4.3567609787,0
66.0837110909,2.28318913664e-12,0.59848991287,1.00092696641,13,0,4.3967089653,0
66.7445482018,2.24401647303e-12,0.598405944651,1.00096533325,13,0,4.43771386147,0
67.4119936838,2.20803656569e-12,0.598380204272,1.00068728559,13,0,4.48550987244,0
68.0861136207,2.25568231329e-12,0.598442192919,1.00050173196,13,0,4.53656196594,0
68.7669747569,2.29915291805e-12,0.598528499185,1.00054299734,13,0,4.58355283737,0
69.4546445045,2.29117102734e-12,0.598525342115,1.00070382702,13,0,4.63054585457,0
70.1491909495,2.29866172478e-12,0.598420200336,1.0006032899,13,0,4.67243480682,0
70.850682859,2.27422485939e-12,0.598356839799,0.999778643297,13,0,4.72276687622,0
71.5591896876,2.31462550619e-12,0.598412288821,1.0005913475,13,0,4.77247881889,0
72.2747815845,2.35367537148e-12,0.598524007346,1.00070096083,13,0,4.82106280327,0
72.9975294003,2.33378204388e-12,0.598538183787,1.00052695382,13,0,4.86855578423,0
73.7275046943,2.3690251613e-12,0.598420784886,1.00048821679,13,0,4.91256594658,0
74.4647797412,2.34778105219e-12,0.598348053972,1.0006955797,13,0,4.9570248127,0
75.2094275387,2.33304525397e-12,0.598427204624,1.00090879675,13,0,5.00209999084,0
75.961521814,2.3305892876e-12,0.59855344275,1.00040232761,13,0,5.04773378372,0
76.7211370322,2.3452022875e-12,0.598534249542,1.00048475594,13,0,5.09377789497,0
77.4883484025,2.38879569059e-12,0.598388312308,1.00088341979,13,0,5.14003992081,0
78.2632318865,2.34434269927e-12,0.598332919187,1.00062481203,13,0,5.1869058609,0
79.0458642054,2.40819782491e-12,0.598431475328,1.00042621551,13,0,5.23415780067,0
79.8363228475,2.39112885864e-12,0.598566678748,1.00050756663,13,0,5.28197193146,0
80.6346860759,2.38314696793e-12,0.598540540458,1.00066282446,13,0,5.33082389832,0
81.4410329367,2.40500506863e-12,0.598396775682,1.00007610458,13,0,5.38213181496,0
82.2554432661,2.41581132066e-12,0.598334996677,1.00029505455,13,0,5.43088793755,0
83.0779976987,2.42195123659e-12,0.598442099369,1.00056190224,13,0,5.48090386391,0
83.9087776757,2.40709264005e-12,0.598544198113,1.00031326838,13,0,5.53433680534,0
84.7478654525,2.42416160633e-12,0.598487793963,1.00029348374,13,0,5.60267686844,0
85.595344107,2.44528291711e-12,0.598396519215,1.00060943698,13,0,5.65825796127,0
86.4512975481,2.49378825294e-12,0.598419621089,1.00071206986,13,0,5.71445798874,0
87.3158105235,2.451791228e-12,0.598497781269,0.999879073191,13,0,5.76672291756,0
88.1889686288,2.48543796728e-12,0.59845916612,1.00071398122,13,0,5.8189368248,0
89.0708583151,2.45351040446e-12,0.59840750843,1.00051049155,13,0,5.87226986885,0
89.9615668982,2.44331814402e-12,0.598443985415,1.00030108643,13,0,5.93130683899,0
90.8611825672,2.49378825294e-12,0.598503033166,1.00044467788,13,0,6.00141787529,0
91.7697943929,2.47278974047e-12,0.598462469104,1.00055519116,13,0,6.0604159832,0
92.6874923368,2.41765329544e-12,0.59841604445,0.999646947853,13,0,6.11543488503,0
93.6143672602,2.4902271017e-12,0.598444063428,1.00056043465,13,0,6.17138290405,0
94.5505109328,2.48433278241e-12,0.598465358325,1.00040763676,13,0,6.22801589966,0
95.4960160421,2.49108668993e-12,0.598430816423,1.00027836228,13,0,6.28506398201,0
96.4509762025,2.51662874019e-12,0.598463916803,1.00051162706,13,0,6.34271287918,0
97.4154859645,2.53517128629e-12,0.598507008788,1.00052663416,13,0,6.40102982521,0
98.3896408242,2.51331318559e-12,0.598420916839,0.999961632772,13,0,6.45946979523,0
99.3735372324,2.53296091655e-12,0.598372908806,1.00049576316,13,0,6.51861786842,0
100.367272605,2.5372588577e-12,0.598496663566,1.00014578386,13,0,6.57809185982,0
