1.333333e-01,5.656547e-12,0.997349,1.665809,2503,5,3.000000
1.666667e-01,5.873404e-12,0.997348,1.665830,2503,5,3.000000
2.000000e-01,5.612461e-12,0.997348,1.665854,2503,5,3.000000
2.333333e-01,4.931506e-12,0.997348,1.665881,2503,5,3.000000
2.666667e-01,3.873436e-12,0.997348,1.665911,2503,5,3.000000
3.000000e-01,2.536152e-12,0.997347,1.665944,2503,5,3.000000
3.333333e-01,3.187318e-13,0.997347,1.665980,2503,6,3.000000
3.666667e-01,2.069870e-12,0.997347,1.666018,2503,6,3.000000
4.000000e-01,4.549823e-12,0.997347,1.666058,2503,6,3.000000
4.333333e-01,7.027988e-12,0.997346,1.666099,2503,6,3.000000
4.666667e-01,9.399710e-12,0.997346,1.666142,2503,6,3.000000
5.000000e-01,1.163580e-11,0.997346,1.666186,2503,6,3.000000
5.333333e-01,1.363239e-11,0.997345,1.666231,2503,6,3.000000
5.666667e-01,1.535970e-11,0.997345,1.666276,2503,6,3.000000
6.000000e-01,1.676093e-11,0.997345,1.666322,2503,6,3.000000
6.333333e-01,1.783647e-11,0.997344,1.666367,2503,6,3.000000
6.666667e-01,1.855814e-11,0.997344,1.666413,2503,6,3.000000
7.000000e-01,1.898371e-11,0.997344,1.666458,2503,6,3.000000
7.333333e-01,1.903455e-11,0.997344,1.666503,2503,6,3.000000
7.666667e-01,1.880319e-11,0.997343,1.666548,2503,6,3.000000
8.000000e-01,1.834843e-11,0.997343,1.666592,2503,6,3.000000
8.333333e-01,1.765338e-11,0.997343,1.666635,2503,6,3.000000
8.666667e-01,1.681991e-11,0.997343,1.666677,2503,6,3.000000
9.000000e-01,1.584961e-11,0.997343,1.666718,2503,6,3.000000
9.333333e-01,1.486105e-11,0.997343,1.666758,2503,6,3.000000
9.666667e-01,1.390862e-11,0.997342,1.666797,2503,6,3.000000
1.000000e+00,1.306860e-11,0.997342,1.666835,2503,6,3.000000
1.033333e+00,1.237672e-11,0.997342,1.666872,2503,6,3.000000
1.066667e+00,1.191441e-11,0.997342,1.666907,2503,6,3.000000
1.100000e+00,1.173827e-11,0.997342,1.666942,2503,6,3.000000
1.133333e+00,1.187450e-11,0.997342,1.666975,2503,6,3.000000
1.166667e+00,1.235548e-11,0.997342,1.667007,2503,6,3.000000
1.200000e+00,1.324475e-11,0.997342,1.667037,2503,6,3.000000
1.233333e+00,1.449584e-11,0.997342,1.667066,2503,6,3.000000
1.266667e+00,1.610341e-11,0.997342,1.667094,2503,6,3.000000
1.300000e+00,1.809404e-11,0.997343,1.667121,2503,6,3.000000
1.333333e+00,2.040301e-11,0.997343,1.667147,2503,6,3.000000
1.366667e+00,2.298305e-11,0.997343,1.667171,2503,6,3.000000
1.400000e+00,2.578153e-11,0.997343,1.667194,2503,6,3.000000
1.433333e+00,2.875557e-11,0.997343,1.667216,2503,6,3.000000
1.466667e+00,3.176277e-11,0.997343,1.667236,2503,6,3.000000
1.500000e+00,3.478486e-11,0.997344,1.667255,2503,6,3.000000
1.533333e+00,3.770012e-11,0.997344,1.667274,2503,6,3.000000
1.566667e+00,4.043049e-11,0.997344,1.667290,2503,6,3.000000
1.600000e+00,4.293487e-11,0.997344,1.667306,2503,6,3.000000
1.633333e+00,4.501149e-11,0.997345,1.667321,2503,6,3.000000
1.666667e+00,4.669590e-11,0.997345,1.667334,2503,6,3.000000
1.700000e+00,4.786042e-11,0.997345,1.667346,2503,6,3.000000
1.733333e+00,4.851277e-11,0.997346,1.667357,2503,6,3.000000
1.766667e+00,4.851913e-11,0.997346,1.667367,2503,6,3.000000
1.800000e+00,4.792416e-11,0.997346,1.667376,2503,6,3.000000
1.833333e+00,4.674297e-11,0.997347,1.667383,2503,6,3.000000
1.866667e+00,4.498826e-11,0.997347,1.667390,2503,6,3.000000
1.900000e+00,4.273012e-11,0.997348,1.667395,2503,6,3.000000
1.933333e+00,4.005734e-11,0.997348,1.667399,2503,6,3.000000
1.966667e+00,3.706345e-11,0.997348,1.667402,2503,7,3.000000
2.000000e+00,3.384098e-11,0.997349,1.667404,2503,7,3.000000
2.033333e+00,3.053372e-11,0.997349,1.667405,2503,7,3.000000
2.066667e+00,2.725803e-11,0.997350,1.667405,2503,7,3.000000
2.100000e+00,2.414101e-11,0.997350,1.667403,2503,7,3.000000
2.133333e+00,2.132525e-11,0.997351,1.667400,2503,7,3.000000
2.166667e+00,1.891242e-11,0.997351,1.667396,2503,7,3.000000
2.200000e+00,1.692317e-11,0.997352,1.667391,2503,7,3.000000
2.233333e+00,1.552115e-11,0.997352,1.667384,2503,7,3.000000
2.266667e+00,1.469523e-11,0.997353,1.667376,2503,7,3.000000
2.300000e+00,1.444957e-11,0.997354,1.667366,2503,7,3.000000
2.333333e+00,1.478042e-11,0.997354,1.667355,2503,7,3.000000
2.366667e+00,1.566632e-11,0.997355,1.667342,2503,7,3.000000
2.400000e+00,1.699288e-11,0.997355,1.667327,2503,7,3.000000
2.433333e+00,1.870847e-11,0.997356,1.667311,2503,7,3.000000
2.466667e+00,2.069473e-11,0.997356,1.667292,2503,7,3.000000
2.500000e+00,2.276996e-11,0.997357,1.667271,2503,7,3.000000
2.533333e+00,2.488194e-11,0.997358,1.667247,2503,7,3.000000
2.566667e+00,2.686741e-11,0.997358,1.667221,2503,7,3.000000
2.600000e+00,2.861497e-11,0.997359,1.667191,2503,7,3.000000
2.633333e+00,3.001560e-11,0.997360,1.667158,2503,7,3.000000
2.666667e+00,3.099265e-11,0.997360,1.667121,2503,7,3.000000
2.700000e+00,3.147065e-11,0.997361,1.667080,2503,7,3.000000
2.733333e+00,3.145913e-11,0.997362,1.667035,2503,7,3.000000
2.766667e+00,3.091659e-11,0.997362,1.666988,2503,7,3.000000
2.800000e+00,2.986865e-11,0.997363,1.666941,2503,7,3.000000
2.833333e+00,2.842472e-11,0.997364,1.666901,2503,7,3.000000
2.866667e+00,2.665393e-11,0.997364,1.666881,2503,7,3.000000
2.900000e+00,2.458366e-11,0.997365,1.666900,2503,7,3.000000
2.933333e+00,2.239483e-11,0.997366,1.666976,2503,7,3.000000
2.966667e+00,2.014504e-11,0.997366,1.667108,2503,7,3.000000
3.000000e+00,1.798442e-11,0.997367,1.667264,2503,7,3.000000
3.033333e+00,1.589489e-11,0.997368,1.667409,2503,7,3.000000
3.066667e+00,1.406590e-11,0.997368,1.667526,2503,7,3.000000
3.100000e+00,1.247125e-11,0.997369,1.667614,2503,7,3.000000
3.133333e+00,1.113139e-11,0.997370,1.667678,2503,7,3.000000
3.166667e+00,1.008940e-11,0.997370,1.667723,2503,7,3.000000
3.200000e+00,9.286913e-12,0.997371,1.667756,2503,7,3.000000
3.233333e+00,8.716968e-12,0.997372,1.667778,2503,7,3.000000
3.266667e+00,8.319199e-12,0.997372,1.667793,2503,7,3.000000
3.300000e+00,8.053490e-12,0.997373,1.667804,2503,7,3.000000
3.333333e+00,7.877343e-12,0.997374,1.667810,2503,7,3.000000
3.366667e+00,7.728403e-12,0.997375,1.667813,2503,7,3.000000
3.400000e+00,7.599123e-12,0.997375,1.667814,2503,7,3.000000
3.433333e+00,7.424963e-12,0.997376,1.667813,2503,7,3.000000
3.466667e+00,7.258547e-12,0.997377,1.667811,2503,7,3.000000
3.500000e+00,7.076443e-12,0.997377,1.667807,2503,7,3.000000
3.533333e+00,6.849458e-12,0.997378,1.667803,2503,7,3.000000
3.566667e+00,6.637169e-12,0.997379,1.667798,2503,7,3.000000
3.600000e+00,6.431036e-12,0.997379,1.667792,2503,7,3.000000
3.633333e+00,6.316054e-12,0.997380,1.667786,2503,7,3.000000
3.666667e+00,6.268592e-12,0.997381,1.667780,2503,7,3.000000
3.700000e+00,6.308507e-12,0.997382,1.667773,2503,7,3.000000
3.733333e+00,6.431036e-12,0.997382,1.667767,2503,7,3.000000
3.766667e+00,6.688801e-12,0.997383,1.667760,2503,7,3.000000
3.800000e+00,7.004554e-12,0.997384,1.667753,2503,7,3.000000
3.833333e+00,7.420792e-12,0.997384,1.667746,2503,7,3.000000
3.866667e+00,7.917656e-12,0.997385,1.667739,2503,7,3.000000
3.900000e+00,8.452252e-12,0.997386,1.667731,2503,7,3.000000
3.933333e+00,9.053176e-12,0.997386,1.667724,2503,7,3.000000
3.966667e+00,9.657873e-12,0.997387,1.667717,2503,7,3.000000
4.000000e+00,1.030050e-11,0.997388,1.667710,2503,7,3.000000
4.033333e+00,1.095842e-11,0.997388,1.667703,2503,7,3.000000
4.066667e+00,1.163659e-11,0.997389,1.667696,2503,7,3.000000
4.100000e+00,1.235488e-11,0.997390,1.667688,2503,7,3.000000
4.133333e+00,1.308628e-11,0.997390,1.667681,2503,7,3.000000
4.166667e+00,1.384269e-11,0.997391,1.667674,2503,7,3.000000
4.200000e+00,1.462294e-11,0.997392,1.667667,2503,7,3.000000
4.233333e+00,1.542325e-11,0.997392,1.667660,2503,7,3.000000
4.266667e+00,1.625632e-11,0.997393,1.667653,2503,7,3.000000
4.300000e+00,1.711520e-11,0.997393,1.667646,2503,7,3.000000
4.333333e+00,1.796377e-11,0.997394,1.667638,2503,7,3.000000
4.366667e+00,1.885582e-11,0.997395,1.667631,2503,7,3.000000
4.400000e+00,1.971769e-11,0.997395,1.667624,2503,7,3.000000
4.433333e+00,2.060318e-11,0.997396,1.667616,2503,7,3.000000
4.466667e+00,2.151013e-11,0.997396,1.667608,2503,7,3.000000
4.500000e+00,2.241291e-11,0.997397,1.667601,2503,7,3.000000
4.533333e+00,2.339174e-11,0.997397,1.667593,2503,7,3.000000
4.566667e+00,2.445756e-11,0.997398,1.667585,2503,7,3.000000
4.600000e+00,2.564173e-11,0.997398,1.667577,2503,7,3.000000
4.633333e+00,2.694049e-11,0.997399,1.667568,2503,7,3.000000
4.666667e+00,2.844617e-11,0.997399,1.667560,2503,7,3.000000
4.700000e+00,3.015501e-11,0.997400,1.667552,2503,7,3.000000
4.733333e+00,3.214505e-11,0.997400,1.667543,2503,7,3.000000
4.766667e+00,3.441371e-11,0.997401,1.667534,2503,7,3.000000
4.800000e+00,3.699792e-11,0.997401,1.667525,2503,7,3.000000
4.833333e+00,3.989490e-11,0.997402,1.667516,2503,7,3.000000
4.866667e+00,4.310188e-11,0.997402,1.667507,2503,7,3.000000
4.900000e+00,4.664129e-11,0.997403,1.667498,2503,7,3.000000
4.933333e+00,5.046111e-11,0.997403,1.667488,2503,7,3.000000
4.966667e+00,5.448587e-11,0.997404,1.667479,2503,7,3.000000
5.000000e+00,5.867923e-11,0.997404,1.667469,2503,7,3.000000
5.033333e+00,6.296155e-11,0.997404,1.667459,2503,7,3.000000
5.066667e+00,6.722720e-11,0.997405,1.667449,2503,7,3.000000
5.100000e+00,7.133477e-11,0.997405,1.667439,2503,7,3.000000
5.133333e+00,7.520245e-11,0.997405,1.667429,2503,7,3.000000
5.166667e+00,7.867652e-11,0.997406,1.667419,2503,7,3.000000
5.200000e+00,8.164281e-11,0.997406,1.667408,2503,7,3.000000
5.233333e+00,8.397800e-11,0.997406,1.667398,2503,7,3.000000
5.266667e+00,8.558119e-11,0.997407,1.667387,2503,7,3.000000
5.300000e+00,8.635170e-11,0.997407,1.667376,2503,7,3.000000
5.333333e+00,8.619164e-11,0.997407,1.667365,2503,7,3.000000
5.366667e+00,8.510438e-11,0.997407,1.667354,2503,7,3.000000
5.400000e+00,8.308535e-11,0.997408,1.667342,2503,7,3.000000
5.433333e+00,8.008530e-11,0.997408,1.667330,2503,7,3.000000
5.466667e+00,7.621385e-11,0.997408,1.667318,2503,7,3.000000
5.500000e+00,7.150079e-11,0.997408,1.667306,2503,7,3.000000
5.533333e+00,6.606130e-11,0.997408,1.667294,2503,7,3.000000
5.566667e+00,5.997421e-11,0.997409,1.667281,2503,7,3.000000
5.600000e+00,5.342184e-11,0.997409,1.667268,2503,7,3.000000
5.633333e+00,4.649553e-11,0.997409,1.667254,2503,7,3.000000
5.666667e+00,3.937937e-11,0.997409,1.667240,2503,7,3.000000
5.700000e+00,3.217742e-11,0.997409,1.667226,2503,7,3.000000
5.733333e+00,2.511071e-11,0.997409,1.667211,2503,7,3.000000
5.766667e+00,1.827972e-11,0.997409,1.667196,2503,7,3.000000
5.800000e+00,1.188006e-11,0.997409,1.667180,2503,7,3.000000
5.833333e+00,5.999109e-12,0.997409,1.667164,2503,7,3.000000
5.866667e+00,7.786589e-13,0.997409,1.667147,2503,7,3.000000
5.900000e+00,3.694708e-12,0.997409,1.667130,2503,7,3.000000
5.933333e+00,7.729595e-12,0.997409,1.667112,2503,6,3.000000
5.966667e+00,1.094213e-11,0.997409,1.667095,2503,6,3.000000
6.000000e+00,1.321139e-11,0.997409,1.667077,2503,6,3.000000
6.033333e+00,1.461182e-11,0.997409,1.667061,2503,6,3.000000
6.066667e+00,1.519249e-11,0.997409,1.667048,2503,6,3.000000
6.100000e+00,1.498894e-11,0.997409,1.667038,2503,6,3.000000
6.133333e+00,1.409391e-11,0.997409,1.667036,2503,6,3.000000
6.166667e+00,1.262754e-11,0.997409,1.667046,2503,6,3.000000
6.200000e+00,1.063532e-11,0.997409,1.667075,2503,6,3.000000
6.233333e+00,8.305894e-12,0.997409,1.667128,2503,6,3.000000
6.266667e+00,5.699839e-12,0.997409,1.667210,2503,6,3.000000
6.300000e+00,3.599386e-12,0.997409,1.667315,2503,5,3.000000
6.333333e+00,1.400434e-12,0.997408,1.667428,2503,5,3.000000
6.366667e+00,7.413246e-13,0.997408,1.667530,2503,6,3.000000
6.400000e+00,2.803649e-12,0.997408,1.667611,2503,6,3.000000
6.433333e+00,4.788723e-12,0.997408,1.667670,2503,6,3.000000
6.466667e+00,6.579380e-12,0.997408,1.667709,2503,6,3.000000
6.500000e+00,8.228246e-12,0.997408,1.667735,2503,6,3.000000
6.533333e+00,9.734726e-12,0.997407,1.667751,2503,6,3.000000
6.566667e+00,1.110001e-11,0.997407,1.667760,2503,6,3.000000
6.600000e+00,1.234952e-11,0.997407,1.667764,2503,6,3.000000
6.633333e+00,1.351681e-11,0.997406,1.667766,2503,6,3.000000
6.666667e+00,1.467060e-11,0.997406,1.667766,2503,6,3.000000
6.700000e+00,1.581625e-11,0.997406,1.667765,2503,6,3.000000
6.733333e+00,1.697202e-11,0.997406,1.667763,2503,6,3.000000
6.766667e+00,1.816732e-11,0.997405,1.667761,2503,6,3.000000
6.800000e+00,1.946786e-11,0.997405,1.667759,2503,6,3.000000
6.833333e+00,2.082064e-11,0.997405,1.667757,2503,6,3.000000
6.866667e+00,2.221174e-11,0.997404,1.667755,2503,6,3.000000
6.900000e+00,2.363501e-11,0.997404,1.667753,2503,6,3.000000
6.933333e+00,2.511766e-11,0.997403,1.667751,2503,6,3.000000
6.966667e+00,2.654252e-11,0.997403,1.667750,2503,6,3.000000
7.000000e+00,2.789271e-11,0.997403,1.667749,2503,6,3.000000
7.033333e+00,2.912355e-11,0.997402,1.667748,2503,6,3.000000
7.066667e+00,3.022908e-11,0.997402,1.667747,2503,6,3.000000
7.100000e+00,3.110803e-11,0.997401,1.667747,2503,6,3.000000
7.133333e+00,3.176416e-11,0.997401,1.667747,2503,6,3.000000
7.166667e+00,3.210930e-11,0.997400,1.667747,2503,6,3.000000
7.200000e+00,3.216312e-11,0.997400,1.667748,2503,6,3.000000
7.233333e+00,3.194587e-11,0.997399,1.667749,2503,6,3.000000
7.266667e+00,3.133323e-11,0.997399,1.667750,2503,6,3.000000
7.300000e+00,3.044971e-11,0.997398,1.667751,2503,6,3.000000
7.333333e+00,2.918293e-11,0.997398,1.667753,2503,6,3.000000
7.366667e+00,2.762720e-11,0.997397,1.667754,2503,6,3.000000
7.400000e+00,2.575572e-11,0.997397,1.667756,2503,6,3.000000
7.433333e+00,2.353969e-11,0.997396,1.667758,2503,6,3.000000
7.466667e+00,2.111157e-11,0.997396,1.667760,2503,6,3.000000
7.500000e+00,1.835935e-11,0.997395,1.667763,2503,6,3.000000
7.533333e+00,1.539266e-11,0.997394,1.667765,2503,6,3.000000
7.566667e+00,1.219164e-11,0.997394,1.667768,2503,6,3.000000
7.600000e+00,8.812489e-12,0.997393,1.667771,2503,6,3.000000
7.633333e+00,5.230578e-12,0.997392,1.667774,2503,6,3.000000
7.666667e+00,1.532892e-12,0.997392,1.667777,2503,6,3.000000
7.700000e+00,2.272429e-12,0.997391,1.667780,2503,6,3.000000
7.733333e+00,6.129581e-12,0.997391,1.667783,2503,6,3.000000
7.766667e+00,1.003598e-11,0.997390,1.667787,2503,6,3.000000
7.800000e+00,1.390703e-11,0.997389,1.667790,2503,6,3.000000
7.833333e+00,1.776478e-11,0.997389,1.667794,2503,6,3.000000
7.866667e+00,2.150934e-11,0.997388,1.667798,2503,6,3.000000
7.900000e+00,2.514189e-11,0.997387,1.667801,2503,6,3.000000
7.933333e+00,2.864158e-11,0.997386,1.667805,2503,6,3.000000
7.966667e+00,3.195679e-11,0.997386,1.667809,2503,6,3.000000
8.000000e+00,3.507361e-11,0.997385,1.667813,2503,6,3.000000
8.033333e+00,3.796762e-11,0.997384,1.667817,2503,6,3.000000
8.066667e+00,4.063503e-11,0.997384,1.667822,2503,6,3.000000
8.100000e+00,4.302642e-11,0.997383,1.667826,2503,6,3.000000
8.133333e+00,4.520392e-11,0.997382,1.667830,2503,6,3.000000
8.166667e+00,4.707381e-11,0.997381,1.667834,2503,6,3.000000
8.200000e+00,4.866310e-11,0.997381,1.667839,2503,6,3.000000
8.233333e+00,4.999959e-11,0.997380,1.667843,2503,6,3.000000
8.266667e+00,5.103264e-11,0.997379,1.667848,2503,6,3.000000
8.300000e+00,5.180356e-11,0.997378,1.667853,2503,6,3.000000
8.333333e+00,5.228354e-11,0.997378,1.667858,2503,6,3.000000
8.366667e+00,5.250298e-11,0.997377,1.667862,2503,6,3.000000
8.400000e+00,5.243288e-11,0.997376,1.667867,2503,6,3.000000
8.433333e+00,5.212904e-11,0.997376,1.667873,2503,6,3.000000
8.466667e+00,5.157359e-11,0.997375,1.667878,2503,6,3.000000
8.500000e+00,5.081499e-11,0.997374,1.667883,2503,6,3.000000
8.533333e+00,4.980518e-11,0.997373,1.667889,2503,6,3.000000
8.566667e+00,4.864225e-11,0.997372,1.667894,2503,6,3.000000
8.600000e+00,4.726327e-11,0.997372,1.667900,2503,6,3.000000
8.633333e+00,4.574050e-11,0.997371,1.667906,2503,6,3.000000
8.666667e+00,4.406224e-11,0.997370,1.667912,2503,6,3.000000
8.700000e+00,4.224657e-11,0.997369,1.667919,2503,6,3.000000
8.733333e+00,4.030558e-11,0.997369,1.667925,2503,6,3.000000
8.766667e+00,3.826371e-11,0.997368,1.667932,2503,6,3.000000
8.800000e+00,3.614717e-11,0.997367,1.667939,2503,6,3.000000
8.833333e+00,3.394881e-11,0.997366,1.667946,2503,6,3.000000
8.866667e+00,3.169465e-11,0.997366,1.667953,2503,6,3.000000
8.900000e+00,2.944288e-11,0.997365,1.667961,2503,5,3.000000
8.933333e+00,2.718177e-11,0.997364,1.667968,2503,5,3.000000
8.966667e+00,2.493595e-11,0.997364,1.667976,2503,5,3.000000
9.000000e+00,2.271793e-11,0.997363,1.667984,2503,5,3.000000
9.033333e+00,2.059047e-11,0.997362,1.667992,2503,5,3.000000
9.066667e+00,1.854404e-11,0.997361,1.668000,2503,5,3.000000
9.100000e+00,1.664436e-11,0.997361,1.668009,2503,5,3.000000
9.133333e+00,1.495875e-11,0.997360,1.668017,2503,5,3.000000
9.166667e+00,1.337343e-11,0.997359,1.668026,2503,5,3.000000
9.200000e+00,1.207765e-11,0.997358,1.668034,2503,5,3.000000
9.233333e+00,1.100787e-11,0.997358,1.668043,2503,5,3.000000
9.266667e+00,1.025721e-11,0.997357,1.668051,2503,6,3.000000
9.300000e+00,9.723605e-12,0.997356,1.668059,2503,6,3.000000
9.333333e+00,9.475967e-12,0.997356,1.668067,2503,6,3.000000
9.366667e+00,9.433668e-12,0.997355,1.668075,2503,6,3.000000
9.400000e+00,9.663830e-12,0.997354,1.668083,2503,6,3.000000
9.433333e+00,1.011899e-11,0.997354,1.668091,2503,6,3.000000
9.466667e+00,1.078485e-11,0.997353,1.668098,2503,6,3.000000
9.500000e+00,1.163361e-11,0.997352,1.668105,2503,6,3.000000
9.533333e+00,1.264780e-11,0.997352,1.668112,2503,6,3.000000
9.566667e+00,1.380933e-11,0.997351,1.668118,2503,6,3.000000
9.600000e+00,1.534977e-11,0.997351,1.668124,2503,5,3.000000
9.633333e+00,1.701393e-11,0.997350,1.668129,2503,5,3.000000
9.666667e+00,1.871363e-11,0.997349,1.668134,2503,5,3.000000
9.700000e+00,2.057022e-11,0.997349,1.668138,2503,5,3.000000
9.733333e+00,2.244488e-11,0.997348,1.668142,2503,5,3.000000
9.766667e+00,2.440632e-11,0.997348,1.668145,2503,5,3.000000
9.800000e+00,2.640966e-11,0.997347,1.668147,2503,5,3.000000
9.833333e+00,2.849840e-11,0.997347,1.668149,2503,5,3.000000
9.866667e+00,3.066379e-11,0.997346,1.668150,2503,5,3.000000
9.900000e+00,3.289531e-11,0.997346,1.668150,2503,5,3.000000
9.933333e+00,3.519455e-11,0.997345,1.668149,2503,5,3.000000
9.966667e+00,3.759427e-11,0.997345,1.668148,2503,5,3.000000
1.000000e+01,4.003788e-11,0.997344,1.668145,2503,5,3.000000
1.003333e+01,4.253889e-11,0.997344,1.668142,2503,5,3.000000
1.006667e+01,4.507285e-11,0.997343,1.668137,2503,5,3.000000
1.010000e+01,4.761258e-11,0.997343,1.668132,2503,5,3.000000
1.013333e+01,5.010008e-11,0.997343,1.668125,2503,5,3.000000
1.016667e+01,5.247418e-11,0.997342,1.668117,2503,5,3.000000
1.020000e+01,5.467532e-11,0.997342,1.668108,2503,5,3.000000
1.023333e+01,5.665066e-11,0.997342,1.668097,2503,5,3.000000
1.026667e+01,5.835255e-11,0.997341,1.668085,2503,5,3.000000
1.030000e+01,5.967911e-11,0.997341,1.668071,2503,5,3.000000
1.033333e+01,6.058765e-11,0.997341,1.668056,2503,5,3.000000
1.036667e+01,6.104221e-11,0.997341,1.668039,2503,5,3.000000
1.040000e+01,6.098740e-11,0.997340,1.668020,2503,5,3.000000
1.043333e+01,6.048915e-11,0.997340,1.667999,2503,5,3.000000
1.046667e+01,5.948668e-11,0.997340,1.667975,2503,5,3.000000
1.050000e+01,5.801793e-11,0.997340,1.667950,2503,5,3.000000
1.053333e+01,5.618557e-11,0.997340,1.667922,2503,5,3.000000
1.056667e+01,5.403448e-11,0.997340,1.667891,2503,5,3.000000
1.060000e+01,5.170804e-11,0.997340,1.667858,2503,5,3.000000
1.063333e+01,4.929838e-11,0.997339,1.667822,2503,5,3.000000
1.066667e+01,4.691157e-11,0.997339,1.667782,2503,5,3.000000
1.070000e+01,4.467925e-11,0.997339,1.667740,2503,5,3.000000
1.073333e+01,4.261971e-11,0.997339,1.667694,2503,4,3.000000
1.076667e+01,4.090372e-11,0.997339,1.667645,2503,4,3.000000
1.080000e+01,3.965084e-11,0.997340,1.667592,2503,4,3.000000
1.083333e+01,3.886821e-11,0.997340,1.667536,2503,4,3.000000
1.086667e+01,3.868729e-11,0.997340,1.667476,2503,4,3.000000
1.090000e+01,3.902191e-11,0.997340,1.667414,2503,4,3.000000
1.093333e+01,3.992608e-11,0.997340,1.667347,2503,4,3.000000
1.096667e+01,4.132413e-11,0.997340,1.667278,2503,4,3.000000
1.100000e+01,4.315311e-11,0.997340,1.667207,2503,4,3.000000
1.103333e+01,4.538126e-11,0.997341,1.667133,2503,4,3.000000
1.106667e+01,4.787650e-11,0.997341,1.667057,2503,4,3.000000
1.110000e+01,5.055246e-11,0.997341,1.666980,2503,4,3.000000
1.113333e+01,5.330309e-11,0.997341,1.666903,2503,4,3.000000
1.116667e+01,5.604080e-11,0.997341,1.666826,2503,4,3.000000
1.120000e+01,5.865996e-11,0.997342,1.666749,2503,4,3.000000
1.123333e+01,6.109861e-11,0.997342,1.666674,2503,4,3.000000
1.126667e+01,6.321793e-11,0.997342,1.666601,2503,4,3.000000
1.130000e+01,6.502408e-11,0.997343,1.666530,2503,4,3.000000
1.133333e+01,6.639155e-11,0.997343,1.666463,2503,4,3.000000
1.136667e+01,6.731617e-11,0.997343,1.666399,2503,4,3.000000
1.140000e+01,6.771950e-11,0.997343,1.666339,2503,4,3.000000
1.143333e+01,6.762556e-11,0.997344,1.666284,2503,4,3.000000
1.146667e+01,6.696963e-11,0.997344,1.666234,2503,4,3.000000
1.150000e+01,6.573025e-11,0.997344,1.666189,2503,4,3.000000
1.153333e+01,6.393781e-11,0.997344,1.666150,2503,4,3.000000
1.156667e+01,6.152239e-11,0.997345,1.666116,2503,4,3.000000
1.160000e+01,5.846297e-11,0.997345,1.666088,2503,4,3.000000
1.163333e+01,5.482049e-11,0.997345,1.666066,2503,4,3.000000
1.166667e+01,5.058086e-11,0.997345,1.666049,2503,4,3.000000
1.170000e+01,4.566702e-11,0.997345,1.666039,2503,4,3.000000
1.173333e+01,4.018742e-11,0.997345,1.666034,2503,4,3.000000
1.176667e+01,3.412675e-11,0.997345,1.666035,2503,4,3.000000
1.180000e+01,2.751480e-11,0.997345,1.666042,2503,4,3.000000
1.183333e+01,2.040658e-11,0.997345,1.666053,2503,4,3.000000
1.186667e+01,1.290516e-11,0.997345,1.666070,2503,4,3.000000
1.190000e+01,5.057212e-12,0.997345,1.666092,2503,4,3.000000
1.193333e+01,3.019314e-12,0.997345,1.666118,2503,4,3.000000
1.196667e+01,1.114390e-11,0.997345,1.666148,2503,4,3.000000
1.200000e+01,1.924247e-11,0.997345,1.666182,2503,4,3.000000
1.203333e+01,2.713570e-11,0.997345,1.666219,2503,4,3.000000
1.206667e+01,3.468776e-11,0.997345,1.666259,2503,4,3.000000
1.210000e+01,4.175606e-11,0.997344,1.666302,2503,4,3.000000
1.213333e+01,4.813347e-11,0.997344,1.666348,2503,4,3.000000
1.216667e+01,5.371337e-11,0.997344,1.666395,2503,4,3.000000
1.220000e+01,5.837420e-11,0.997344,1.666444,2503,4,3.000000
1.223333e+01,6.200595e-11,0.997344,1.666494,2503,4,3.000000
1.226667e+01,6.449107e-11,0.997344,1.666546,2503,4,3.000000
1.230000e+01,6.580472e-11,0.997343,1.666598,2503,4,3.000000
1.233333e+01,6.583828e-11,0.997343,1.666651,2503,4,3.000000
1.236667e+01,6.460685e-11,0.997343,1.666704,2503,4,3.000000
1.240000e+01,6.214238e-11,0.997343,1.666757,2503,4,3.000000
1.243333e+01,5.844807e-11,0.997343,1.666810,2503,4,3.000000
1.246667e+01,5.361705e-11,0.997343,1.666863,2503,4,3.000000
1.250000e+01,4.775000e-11,0.997343,1.666915,2503,4,3.000000
1.253333e+01,4.096429e-11,0.997342,1.666967,2503,4,3.000000
1.256667e+01,3.342673e-11,0.997342,1.667018,2503,4,3.000000
1.260000e+01,2.526898e-11,0.997342,1.667068,2503,4,3.000000
1.263333e+01,1.672955e-11,0.997342,1.667117,2503,4,3.000000
1.266667e+01,7.989942e-12,0.997342,1.667166,2503,4,3.000000
1.270000e+01,7.313953e-13,0.997342,1.667213,2503,4,3.000000
1.273333e+01,9.242032e-12,0.997342,1.667260,2503,4,3.000000
1.276667e+01,1.734755e-11,0.997342,1.667305,2503,4,3.000000
1.280000e+01,2.482931e-11,0.997342,1.667349,2503,4,3.000000
1.283333e+01,3.157431e-11,0.997343,1.667392,2503,4,3.000000
1.286667e+01,3.742508e-11,0.997343,1.667433,2503,4,3.000000
1.290000e+01,4.230733e-11,0.997343,1.667473,2503,4,3.000000
1.293333e+01,4.617124e-11,0.997343,1.667512,2503,4,3.000000
1.296667e+01,4.903684e-11,0.997343,1.667550,2503,4,3.000000
1.300000e+01,5.086285e-11,0.997343,1.667587,2503,4,3.000000
1.303333e+01,5.170565e-11,0.997344,1.667622,2503,4,3.000000
1.306667e+01,5.166971e-11,0.997344,1.667655,2503,4,3.000000
1.310000e+01,5.091289e-11,0.997344,1.667688,2503,4,3.000000
1.313333e+01,4.944851e-11,0.997344,1.667719,2503,4,3.000000
1.316667e+01,4.752679e-11,0.997345,1.667748,2503,4,3.000000
1.320000e+01,4.523569e-11,0.997345,1.667777,2503,4,3.000000
1.323333e+01,4.269954e-11,0.997345,1.667803,2503,4,3.000000
1.326667e+01,4.004742e-11,0.997346,1.667829,2503,4,3.000000
1.330000e+01,3.738715e-11,0.997346,1.667853,2503,4,3.000000
1.333333e+01,3.486132e-11,0.997346,1.667876,2503,4,3.000000
1.336667e+01,3.250866e-11,0.997347,1.667897,2503,4,3.000000
1.340000e+01,3.041893e-11,0.997347,1.667917,2503,4,3.000000
1.343333e+01,2.860246e-11,0.997348,1.667936,2503,4,3.000000
1.346667e+01,2.707374e-11,0.997348,1.667953,2503,4,3.000000
1.350000e+01,2.585541e-11,0.997349,1.667969,2503,4,3.000000
1.353333e+01,2.495164e-11,0.997349,1.667983,2503,4,3.000000
1.356667e+01,2.428042e-11,0.997350,1.667997,2503,4,3.000000
1.360000e+01,2.378931e-11,0.997350,1.668008,2503,4,3.000000
1.363333e+01,2.344854e-11,0.997351,1.668019,2503,4,3.000000
1.366667e+01,2.323128e-11,0.997351,1.668028,2503,4,3.000000
1.370000e+01,2.300906e-11,0.997352,1.668037,2503,4,3.000000
1.373333e+01,2.273481e-11,0.997353,1.668044,2503,4,3.000000
1.376667e+01,2.241112e-11,0.997353,1.668049,2503,4,3.000000
1.380000e+01,2.192716e-11,0.997354,1.668054,2503,4,3.000000
1.383333e+01,2.125514e-11,0.997354,1.668057,2503,4,3.000000
1.386667e+01,2.037203e-11,0.997355,1.668060,2503,4,3.000000
1.390000e+01,1.926213e-11,0.997356,1.668061,2503,4,3.000000
1.393333e+01,1.794570e-11,0.997356,1.668062,2503,4,3.000000
1.396667e+01,1.638580e-11,0.997357,1.668061,2503,4,3.000000
1.400000e+01,1.470754e-11,0.997358,1.668059,2503,4,3.000000
1.403333e+01,1.287220e-11,0.997358,1.668057,2503,4,3.000000
1.406667e+01,1.093161e-11,0.997359,1.668053,2503,4,3.000000
1.410000e+01,8.962620e-12,0.997360,1.668049,2503,4,3.000000
1.413333e+01,6.980724e-12,0.997360,1.668044,2503,4,3.000000
1.416667e+01,5.110830e-12,0.997361,1.668038,2503,4,3.000000
1.420000e+01,3.304087e-12,0.997362,1.668031,2503,4,3.000000
1.423333e+01,1.617887e-12,0.997362,1.668024,2503,4,3.000000
1.426667e+01,5.242692e-14,0.997363,1.668015,2503,4,3.000000
1.430000e+01,1.360717e-12,0.997364,1.668006,2503,4,3.000000
1.433333e+01,2.722824e-12,0.997365,1.667997,2503,4,3.000000
1.436667e+01,3.991794e-12,0.997365,1.667986,2503,4,3.000000
1.440000e+01,5.259770e-12,0.997366,1.667976,2503,4,3.000000
1.443333e+01,6.561110e-12,0.997367,1.667964,2503,4,3.000000
1.446667e+01,7.952806e-12,0.997367,1.667952,2503,4,3.000000
1.450000e+01,9.498209e-12,0.997368,1.667939,2503,4,3.000000
1.453333e+01,1.120467e-11,0.997369,1.667925,2503,4,3.000000
1.456667e+01,1.311865e-11,0.997370,1.667911,2503,4,3.000000
1.460000e+01,1.527013e-11,0.997370,1.667897,2503,4,3.000000
1.463333e+01,1.767482e-11,0.997371,1.667881,2503,4,3.000000
1.466667e+01,2.025089e-11,0.997372,1.667866,2503,4,3.000000
1.470000e+01,2.302793e-11,0.997373,1.667850,2503,4,3.000000
1.473333e+01,2.588738e-11,0.997373,1.667833,2503,4,3.000000
1.476667e+01,2.883679e-11,0.997374,1.667816,2503,4,3.000000
1.480000e+01,3.176138e-11,0.997375,1.667798,2503,4,3.000000
1.483333e+01,3.460494e-11,0.997376,1.667780,2503,4,3.000000
1.486667e+01,3.726978e-11,0.997376,1.667761,2503,4,3.000000
1.490000e+01,3.974616e-11,0.997377,1.667743,2503,4,3.000000
1.493333e+01,4.193518e-11,0.997378,1.667723,2503,4,3.000000
1.496667e+01,4.382156e-11,0.997378,1.667704,2503,4,3.000000
1.500000e+01,4.539139e-11,0.997379,1.667685,2503,4,3.000000
1.503333e+01,4.664467e-11,0.997380,1.667665,2503,4,3.000000
1.506667e+01,4.756472e-11,0.997380,1.667646,2503,4,3.000000
1.510000e+01,4.820338e-11,0.997381,1.667627,2503,4,3.000000
1.513333e+01,4.860909e-11,0.997382,1.667608,2503,4,3.000000
1.516667e+01,4.881264e-11,0.997383,1.667591,2503,4,3.000000
1.520000e+01,4.888016e-11,0.997383,1.667574,2503,4,3.000000
1.523333e+01,4.884104e-11,0.997384,1.667558,2503,4,3.000000
1.526667e+01,4.873837e-11,0.997384,1.667544,2503,4,3.000000
1.530000e+01,4.863391e-11,0.997385,1.667532,2503,4,3.000000
1.533333e+01,4.850503e-11,0.997386,1.667522,2503,4,3.000000
1.536667e+01,4.836205e-11,0.997386,1.667515,2503,4,3.000000
1.540000e+01,4.813943e-11,0.997387,1.667511,2503,4,3.000000
1.543333e+01,4.787690e-11,0.997388,1.667509,2503,4,3.000000
1.546667e+01,4.748012e-11,0.997388,1.667511,2503,4,3.000000
1.550000e+01,4.688238e-11,0.997389,1.667516,2503,4,3.000000
1.553333e+01,4.597781e-11,0.997389,1.667523,2503,5,3.000000
1.556667e+01,4.474677e-11,0.997390,1.667533,2503,5,3.000000
1.560000e+01,4.314378e-11,0.997391,1.667545,2503,5,3.000000
1.563333e+01,4.105862e-11,0.997391,1.667559,2503,5,3.000000
1.566667e+01,3.854193e-11,0.997392,1.667574,2503,5,3.000000
1.570000e+01,3.549938e-11,0.997392,1.667589,2503,5,3.000000
1.573333e+01,3.195123e-11,0.997393,1.667605,2503,5,3.000000
1.576667e+01,2.790284e-11,0.997393,1.667620,2503,5,3.000000
1.580000e+01,2.339293e-11,0.997394,1.667634,2503,5,3.000000
1.583333e+01,1.847612e-11,0.997394,1.667647,2503,5,3.000000
1.586667e+01,1.318477e-11,0.997395,1.667659,2503,5,3.000000
1.590000e+01,7.675976e-12,0.997395,1.667670,2503,5,3.000000
1.593333e+01,1.965414e-12,0.997396,1.667679,2503,5,3.000000
1.596667e+01,3.789036e-12,0.997396,1.667686,2503,5,3.000000
1.600000e+01,9.490861e-12,0.997397,1.667691,2503,5,3.000000
1.603333e+01,1.503938e-11,0.997397,1.667695,2503,5,3.000000
1.606667e+01,2.029160e-11,0.997397,1.667697,2503,5,3.000000
1.610000e+01,2.515837e-11,0.997398,1.667698,2503,5,3.000000
1.613333e+01,2.952847e-11,0.997398,1.667696,2503,5,3.000000
1.616667e+01,3.333161e-11,0.997399,1.667694,2503,5,3.000000
1.620000e+01,3.646670e-11,0.997399,1.667690,2503,5,3.000000
1.623333e+01,3.887496e-11,0.997399,1.667684,2503,5,3.000000
1.626667e+01,4.050337e-11,0.997400,1.667678,2503,5,3.000000
1.630000e+01,4.135511e-11,0.997400,1.667670,2503,5,3.000000
1.633333e+01,4.141429e-11,0.997401,1.667662,2503,5,3.000000
1.636667e+01,4.067396e-11,0.997401,1.667652,2503,5,3.000000
1.640000e+01,3.917125e-11,0.997401,1.667642,2503,5,3.000000
1.643333e+01,3.692543e-11,0.997401,1.667631,2503,5,3.000000
1.646667e+01,3.403679e-11,0.997402,1.667620,2503,5,3.000000
1.650000e+01,3.052478e-11,0.997402,1.667608,2503,5,3.000000
1.653333e+01,2.652604e-11,0.997402,1.667596,2503,5,3.000000
1.656667e+01,2.208980e-11,0.997403,1.667583,2503,5,3.000000
1.660000e+01,1.733425e-11,0.997403,1.667570,2503,5,3.000000
1.663333e+01,1.232450e-11,0.997403,1.667557,2503,5,3.000000
1.666667e+01,7.220021e-12,0.997403,1.667544,2503,5,3.000000
1.670000e+01,2.083176e-12,0.997404,1.667531,2503,5,3.000000
1.673333e+01,2.969866e-12,0.997404,1.667518,2503,5,3.000000
1.676667e+01,7.859669e-12,0.997404,1.667505,2503,5,3.000000
1.680000e+01,1.247820e-11,0.997404,1.667492,2503,5,3.000000
1.683333e+01,1.680879e-11,0.997404,1.667479,2503,5,3.000000
1.686667e+01,2.070685e-11,0.997405,1.667466,2503,5,3.000000
1.690000e+01,2.416960e-11,0.997405,1.667454,2503,5,3.000000
1.693333e+01,2.713510e-11,0.997405,1.667441,2503,5,3.000000
1.696667e+01,2.960751e-11,0.997405,1.667429,2503,5,3.000000
1.700000e+01,3.154671e-11,0.997405,1.667417,2503,5,3.000000
1.703333e+01,3.295687e-11,0.997405,1.667406,2503,5,3.000000
1.706667e+01,3.383959e-11,0.997405,1.667395,2503,5,3.000000
1.710000e+01,3.419963e-11,0.997405,1.667383,2503,5,3.000000
1.713333e+01,3.407670e-11,0.997406,1.667373,2503,5,3.000000
1.716667e+01,3.349306e-11,0.997406,1.667362,2503,5,3.000000
1.720000e+01,3.242307e-11,0.997406,1.667352,2503,5,3.000000
1.723333e+01,3.100715e-11,0.997406,1.667342,2503,5,3.000000
1.726667e+01,2.918889e-11,0.997406,1.667332,2503,5,3.000000
1.730000e+01,2.709241e-11,0.997406,1.667323,2503,5,3.000000
1.733333e+01,2.475305e-11,0.997406,1.667314,2503,5,3.000000
1.736667e+01,2.222246e-11,0.997406,1.667305,2503,5,3.000000
1.740000e+01,1.963726e-11,0.997406,1.667297,2503,5,3.000000
1.750000e+01,1.236680e-11,0.997406,1.667273,2503,5,3.000000
1.766667e+01,7.619180e-12,0.997405,1.667239,2503,5,3.000000
1.786667e+01,2.125892e-11,0.997404,1.667207,2503,5,3.000000
1.803333e+01,4.131599e-11,0.997403,1.667187,2503,5,3.000000
1.823333e+01,5.579952e-11,0.997401,1.667171,2503,5,3.000000
1.840000e+01,5.304174e-11,0.997400,1.667163,2503,5,3.000000
1.856667e+01,4.229105e-11,0.997398,1.667162,2503,5,3.000000
1.876667e+01,2.639834e-11,0.997395,1.667173,2503,5,3.000000
1.896667e+01,6.852834e-12,0.997393,1.667210,2503,5,3.000000
1.913333e+01,1.167254e-11,0.997390,1.667304,2503,5,3.000000
1.933333e+01,2.859054e-11,0.997387,1.667685,2503,5,3.000000
1.953333e+01,3.230591e-11,0.997383,1.668195,2503,4,3.000000
1.973333e+01,2.480310e-11,0.997380,1.668196,2503,4,3.000000
1.993333e+01,1.379046e-11,0.997376,1.668138,2503,4,3.000000
2.013333e+01,7.497050e-12,0.997373,1.668104,2503,4,3.000000
2.033333e+01,9.450747e-12,0.997370,1.668089,2503,4,3.000000
2.053333e+01,1.270181e-11,0.997366,1.668085,2503,4,3.000000
2.073333e+01,8.181380e-12,0.997363,1.668086,2503,4,3.000000
2.093333e+01,2.922006e-12,0.997360,1.668087,2503,4,3.000000
2.113333e+01,1.341931e-11,0.997357,1.668083,2503,4,3.000000
2.136667e+01,1.587741e-11,0.997353,1.668065,2503,4,3.000000
2.156667e+01,2.795308e-12,0.997351,1.668031,2503,4,3.000000
2.180000e+01,2.454910e-11,0.997349,1.667964,2503,4,3.000000
2.200000e+01,3.116363e-11,0.997347,1.667874,2503,4,3.000000
2.223333e+01,2.010294e-12,0.997346,1.667725,2503,4,3.000000
2.243333e+01,3.625758e-11,0.997346,1.667554,2503,4,3.000000
2.266667e+01,3.068722e-11,0.997347,1.667307,2503,4,3.000000
2.290000e+01,2.627919e-11,0.997348,1.667027,2503,4,3.000000
2.313333e+01,8.319636e-11,0.997350,1.666768,2503,4,3.000000
2.336667e+01,8.905725e-11,0.997351,1.666617,2503,4,3.000000
2.360000e+01,4.025792e-11,0.997351,1.666648,2503,4,3.000000
2.383333e+01,2.231997e-11,0.997349,1.666851,2503,4,3.000000
2.406667e+01,3.342552e-10,0.997347,1.667145,2503,0,3.000000
2.430000e+01,4.847993e-10,0.997345,1.667445,2503,4,3.000000
2.453333e+01,4.507621e-10,0.997344,1.667707,2503,4,3.000000
2.480000e+01,4.184189e-10,0.997345,1.667940,2503,4,3.000000
2.503333e+01,4.044437e-10,0.997346,1.668087,2503,4,3.000000
2.530000e+01,3.864307e-10,0.997348,1.668198,2503,4,3.000000
2.553333e+01,3.739960e-10,0.997350,1.668254,2503,4,3.000000
2.580000e+01,3.920473e-10,0.997354,1.668280,2503,4,3.000000
2.606667e+01,4.396992e-10,0.997359,1.668272,2503,4,3.000000
2.633333e+01,4.682594e-10,0.997364,1.668240,2503,4,3.000000
2.656667e+01,4.504980e-10,0.997368,1.668197,2503,4,3.000000
2.683333e+01,4.109417e-10,0.997373,1.668137,2503,4,3.000000
2.710000e+01,4.084963e-10,0.997378,1.668070,2503,5,3.000000
2.740000e+01,4.356026e-10,0.997384,1.667991,2503,5,3.000000
2.766667e+01,4.128378e-10,0.997389,1.667922,2503,5,3.000000
2.793333e+01,3.698878e-10,0.997393,1.667856,2503,5,3.000000
2.820000e+01,3.742821e-10,0.997397,1.667797,2503,4,3.000000
2.850000e+01,4.158543e-10,0.997402,1.667740,2503,4,3.000000
2.876667e+01,4.542330e-10,0.997405,1.667702,2503,4,3.000000
2.906667e+01,4.163091e-10,0.997407,1.667676,2503,0,3.000000
2.936667e+01,4.034871e-10,0.997408,1.667668,2503,0,3.000000
2.966667e+01,4.225379e-10,0.997408,1.667678,2503,0,3.000000
2.993333e+01,4.534504e-10,0.997407,1.667703,2503,0,3.000000
3.023333e+01,4.787658e-10,0.997405,1.667746,2503,0,3.000000
3.056667e+01,4.919125e-10,0.997402,1.667810,2503,0,3.000000
3.086667e+01,5.008330e-10,0.997398,1.667880,2503,0,3.000000
3.116667e+01,5.127418e-10,0.997393,1.667957,2503,0,3.000000
3.146667e+01,5.303728e-10,0.997387,1.668038,2503,0,3.000000
3.180000e+01,5.534476e-10,0.997381,1.668127,2503,0,3.000000
3.210000e+01,5.602235e-10,0.997374,1.668199,2503,4,3.000000
3.243333e+01,5.586482e-10,0.997367,1.668262,2503,4,3.000000
3.276667e+01,5.521280e-10,0.997359,1.668295,2503,4,3.000000
3.306667e+01,5.722887e-10,0.997353,1.668287,2503,4,3.000000
3.340000e+01,5.867450e-10,0.997347,1.668222,2503,0,3.000000
3.373333e+01,5.726575e-10,0.997343,1.668077,2503,4,3.000000
3.406667e+01,5.367571e-10,0.997340,1.667834,2503,4,3.000000
3.443333e+01,5.630995e-10,0.997340,1.667443,2503,4,3.000000
3.476667e+01,5.961094e-10,0.997341,1.667038,2503,4,3.000000
3.510000e+01,6.077396e-10,0.997343,1.666785,2503,4,3.000000
3.546667e+01,6.172873e-10,0.997342,1.666923,2503,4,3.000000
3.583333e+01,6.024757e-10,0.997339,1.667369,2503,5,3.000000
3.616667e+01,5.641514e-10,0.997338,1.667777,2503,5,3.000000
3.653333e+01,5.585606e-10,0.997340,1.668085,2503,5,3.000000
3.690000e+01,5.666820e-10,0.997345,1.668106,2503,5,3.000000
3.726667e+01,6.020040e-10,0.997351,1.668588,2503,5,3.000000
3.763333e+01,6.789940e-10,0.997360,1.668583,2503,5,3.000000
3.803333e+01,6.865764e-10,0.997369,1.668484,2503,5,3.000000
3.840000e+01,6.207613e-10,0.997378,1.668357,2503,5,3.000000
3.880000e+01,5.814455e-10,0.997387,1.668204,2503,5,3.000000
3.916667e+01,5.783641e-10,0.997395,1.668063,2503,5,3.000000
3.956667e+01,6.084339e-10,0.997402,1.667920,2503,5,3.000000
3.996667e+01,6.455472e-10,0.997407,1.667799,2503,5,3.000000
4.036667e+01,6.708074e-10,0.997410,1.667705,2503,4,3.000000
4.076667e+01,6.674426e-10,0.997411,1.667642,2503,4,3.000000
4.116667e+01,6.142255e-10,0.997409,1.667613,2503,4,3.000000
4.160000e+01,5.708857e-10,0.997405,1.667620,2503,4,3.000000
4.200000e+01,6.099807e-10,0.997400,1.667660,2503,4,3.000000
4.243333e+01,6.551717e-10,0.997392,1.667736,2503,4,3.000000
4.283333e+01,5.946394e-10,0.997384,1.667828,2503,4,3.000000
4.326667e+01,5.698774e-10,0.997375,1.667943,2503,4,3.000000
4.370000e+01,5.947473e-10,0.997366,1.668057,2503,0,3.000000
4.413333e+01,6.243335e-10,0.997357,1.668152,2503,4,3.000000
4.456667e+01,6.698296e-10,0.997350,1.668205,2503,6,3.000000
4.503333e+01,6.661100e-10,0.997344,1.668176,2503,6,3.000000
4.546667e+01,6.898213e-10,0.997342,1.668022,2503,6,3.000000
4.593333e+01,6.539055e-10,0.997342,1.667668,2503,5,3.000000
4.640000e+01,6.171945e-10,0.997347,1.667141,2503,5,3.000000
4.686667e+01,6.568614e-10,0.997353,1.666812,2503,5,3.000000
4.733333e+01,7.551464e-10,0.997353,1.667174,2503,4,3.000000
4.780000e+01,7.312219e-10,0.997352,1.667832,2503,4,3.000000
4.826667e+01,6.503178e-10,0.997353,1.668313,2503,4,3.000000
4.876667e+01,7.197680e-10,0.997357,1.668577,2503,4,3.000000
4.923333e+01,7.018841e-10,0.997362,1.668663,2503,5,3.000000
4.973333e+01,6.115787e-10,0.997369,1.668647,2503,4,3.000000
5.023333e+01,6.448130e-10,0.997377,1.668566,2503,4,3.000000
5.073333e+01,6.646979e-10,0.997384,1.668451,2503,4,3.000000
5.123333e+01,7.025094e-10,0.997390,1.668327,2503,4,3.000000
5.176667e+01,5.953766e-10,0.997395,1.668213,2503,4,3.000000
5.226667e+01,6.179492e-10,0.997398,1.668143,2503,4,3.000000
5.280000e+01,6.329145e-10,0.997399,1.668123,2503,4,3.000000
5.333333e+01,6.484062e-10,0.997397,1.668159,2503,0,3.000000
5.386667e+01,6.585270e-10,0.997394,1.668245,2503,0,3.000000
5.440000e+01,6.747416e-10,0.997389,1.668369,2503,0,3.000000
5.493333e+01,6.750472e-10,0.997383,1.668513,2503,0,3.000000
5.550000e+01,7.070479e-10,0.997375,1.668660,2503,0,3.000000
5.603333e+01,7.707254e-10,0.997366,1.668755,2503,4,3.000000
5.660000e+01,8.020234e-10,0.997358,1.668758,2503,4,3.000000
5.716667e+01,8.019605e-10,0.997352,1.668582,2503,4,3.000000
5.773333e+01,7.553051e-10,0.997350,1.668139,2503,4,3.000000
5.833333e+01,8.032181e-10,0.997353,1.667512,2503,4,3.000000
5.890000e+01,7.967301e-10,0.997351,1.667828,2503,4,3.000000
5.950000e+01,7.611301e-10,0.997345,1.668222,2503,4,3.000000
6.010000e+01,7.710709e-10,0.997343,1.668704,2503,4,3.000000
6.070000e+01,7.319372e-10,0.997347,1.668898,2503,5,3.000000
6.130000e+01,7.038175e-10,0.997356,1.668901,2503,5,3.000000
6.190000e+01,6.985706e-10,0.997368,1.668800,2503,5,3.000000
6.253333e+01,7.752003e-10,0.997381,1.668644,2503,5,3.000000
6.313333e+01,7.161581e-10,0.997393,1.668474,2503,5,3.000000
6.376667e+01,6.663404e-10,0.997402,1.668279,2503,4,3.000000
6.443333e+01,7.934943e-10,0.997407,1.667928,2503,5,3.000000
6.506667e+01,7.697592e-10,0.997407,1.668757,2503,5,3.000000
6.570000e+01,7.601814e-10,0.997402,1.668697,2503,5,3.000000
6.636667e+01,7.342982e-10,0.997392,1.668791,2503,6,3.000000
6.703333e+01,7.650388e-10,0.997379,1.669005,2503,6,3.000000
6.770000e+01,8.202559e-10,0.997365,1.669478,2503,6,3.000000
6.836667e+01,7.264183e-10,0.997352,1.670107,2503,6,3.000000
6.906667e+01,8.045936e-10,0.997344,1.669253,2503,6,3.000000
6.976667e+01,7.701495e-10,0.997345,1.668372,2503,6,3.000000
7.046667e+01,7.431655e-10,0.997348,1.667907,2503,5,3.000000
7.116667e+01,7.480440e-10,0.997343,1.668649,2503,5,3.000000
7.186667e+01,7.180776e-10,0.997345,1.669218,2503,5,3.000000
7.260000e+01,7.544496e-10,0.997355,1.669423,2503,5,3.000000
7.330000e+01,7.225871e-10,0.997367,1.669474,2503,5,3.000000
7.403333e+01,7.145628e-10,0.997381,1.669584,2503,4,3.000000
7.480000e+01,7.445763e-10,0.997394,1.669285,2503,5,3.000000
7.553333e+01,7.327520e-10,0.997402,1.669058,2503,5,3.000000
7.630000e+01,7.927693e-10,0.997405,1.668990,2503,5,3.000000
7.703333e+01,7.807185e-10,0.997402,1.669059,2503,5,3.000000
7.783333e+01,7.824358e-10,0.997393,1.669247,2503,5,3.000000
7.860000e+01,7.668212e-10,0.997380,1.669473,2503,4,3.000000
7.940000e+01,8.147580e-10,0.997366,1.669663,2503,4,3.000000
8.016667e+01,8.148164e-10,0.997354,1.669670,2503,0,3.000000
8.096667e+01,9.632813e-10,0.997347,1.669269,2503,0,3.000000
8.180000e+01,1.400222e-10,0.997349,1.668359,2503,0,3.000000
8.260000e+01,5.792136e-10,0.997346,1.668667,2503,0,3.000000
8.343333e+01,9.542250e-10,0.997343,1.669546,2503,0,3.000000
8.426667e+01,7.882572e-10,0.997351,1.669836,2503,0,3.000000
8.510000e+01,6.907042e-10,0.997366,1.669775,2503,0,3.000000
8.596667e+01,6.398416e-10,0.997383,1.669579,2503,0,3.000000
8.683333e+01,5.495398e-10,0.997398,1.669400,2503,0,3.000000
8.770000e+01,4.877257e-10,0.997406,1.669336,2503,4,3.000000
8.856667e+01,4.798594e-10,0.997406,1.669414,2503,5,3.000000
8.943333e+01,4.926842e-10,0.997396,1.669596,2503,5,3.000000
9.033333e+01,4.780632e-10,0.997381,1.669835,2503,5,3.000000
9.123333e+01,5.583102e-10,0.997362,1.670008,2503,5,3.000000
9.216667e+01,4.735468e-10,0.997347,1.669878,2503,5,3.000000
9.306667e+01,4.942290e-10,0.997345,1.669103,2503,5,3.000000
9.400000e+01,5.208938e-10,0.997349,1.668499,2503,4,3.000000
9.496667e+01,4.839998e-10,0.997344,1.669470,2503,4,3.000000
9.590000e+01,4.048520e-10,0.997353,1.669761,2503,4,3.000000
9.686667e+01,4.131897e-10,0.997370,1.669588,2503,4,3.000000
9.783333e+01,4.543283e-10,0.997387,1.669355,2503,6,3.000000
9.880000e+01,4.605359e-10,0.997398,1.669148,2503,5,3.000000
9.980000e+01,4.445465e-10,0.997401,1.669072,2503,4,3.000000
1.008000e+02,5.031406e-10,0.997397,1.669180,2503,4,3.000000
1.018000e+02,5.369925e-10,0.997385,1.669327,2503,4,3.000000
1.028333e+02,5.155453e-10,0.997369,1.668992,2503,4,3.000000
1.038333e+02,5.533350e-10,0.997356,1.669871,2503,4,3.000000
1.049000e+02,5.120664e-10,0.997351,1.668785,2503,4,3.000000
1.059333e+02,5.201777e-10,0.997347,1.668509,2503,4,3.000000
1.070000e+02,4.256001e-10,0.997338,1.669742,2503,4,3.000000
1.080667e+02,4.030242e-10,0.997350,1.670269,2503,6,3.000000
1.091333e+02,4.422882e-10,0.997373,1.669533,2503,6,3.000000
1.102333e+02,4.859604e-10,0.997397,1.669683,2503,6,3.000000
1.113333e+02,4.745284e-10,0.997411,1.669890,2503,7,3.000000
1.124333e+02,5.827812e-10,0.997411,1.669292,2503,6,3.000000
1.135667e+02,5.175822e-10,0.997392,1.670070,2503,6,3.000000
1.147000e+02,4.782664e-10,0.997364,1.670530,2503,6,3.000000
1.158667e+02,4.860319e-10,0.997340,1.669957,2503,6,3.000000
1.170000e+02,4.159427e-10,0.997338,1.667638,2503,6,3.000000
1.182000e+02,4.542348e-10,0.997334,1.669768,2502,5,3.000000
1.193667e+02,4.460828e-10,0.997351,1.670320,2502,4,3.000000
1.205667e+02,3.614953e-10,0.997383,1.670160,2502,0,3.000000
1.217667e+02,2.959794e-10,0.997407,1.669862,2502,0,3.000000
1.229667e+02,2.773777e-10,0.997412,1.669735,2502,0,3.000000
1.242000e+02,3.251383e-10,0.997396,1.669881,2502,4,3.000000
1.254667e+02,2.902209e-10,0.997369,1.670196,2502,4,3.000000
1.267000e+02,3.844363e-10,0.997347,1.670373,2502,0,3.000000
1.279667e+02,5.376224e-10,0.997344,1.669757,2502,0,3.000000
1.292667e+02,3.383260e-10,0.997356,1.669101,2502,4,3.000000
1.305333e+02,3.198709e-10,0.997356,1.670346,2502,6,3.000000
1.318667e+02,3.168959e-10,0.997370,1.670403,2502,5,3.000000
1.331667e+02,2.962981e-10,0.997384,1.670063,2502,0,3.000000
1.345000e+02,1.603867e-10,0.997394,1.669858,2502,5,3.000000
1.358333e+02,2.616185e-10,0.997395,1.669991,2502,6,3.000000
1.372000e+02,2.565984e-10,0.997384,1.670326,2502,5,3.000000
1.385667e+02,3.159526e-10,0.997365,1.670451,2502,5,3.000000
1.399667e+02,2.679760e-10,0.997354,1.669206,2502,6,3.000000
1.413667e+02,2.485544e-10,0.997342,1.669832,2502,5,3.000000
1.427667e+02,1.505687e-10,0.997341,1.670558,2502,5,3.000000
1.442000e+02,1.521741e-10,0.997370,1.670672,2502,5,3.000000
1.456333e+02,2.944093e-10,0.997403,1.670103,2502,5,3.000000
1.471000e+02,2.623830e-10,0.997414,1.669992,2502,4,3.000000
1.485667e+02,2.611079e-10,0.997393,1.670582,2502,6,3.000000
1.500667e+02,3.205169e-10,0.997357,1.670682,2502,7,3.000000
1.515667e+02,2.425148e-10,0.997339,1.670313,2502,7,3.000000
1.530667e+02,2.017797e-10,0.997339,1.670195,2502,5,3.000000
1.546000e+02,1.637009e-10,0.997354,1.671266,2502,5,3.000000
1.561333e+02,1.955880e-10,0.997387,1.671418,2502,5,3.000000
1.577000e+02,2.417185e-10,0.997406,1.670624,2502,6,3.000000
1.593000e+02,2.926526e-10,0.997400,1.670751,2502,5,3.000000
1.608667e+02,3.190482e-10,0.997374,1.671040,2502,5,3.000000
1.625000e+02,2.867280e-10,0.997348,1.670805,2502,5,3.000000
1.641000e+02,2.783665e-10,0.997350,1.669276,2502,4,3.000000
1.657667e+02,1.963712e-10,0.997344,1.670762,2502,0,3.000000
1.674000e+02,1.910995e-10,0.997371,1.670774,2502,4,3.000000
1.691000e+02,1.905069e-10,0.997402,1.670395,2502,4,3.000000
1.707667e+02,3.222995e-10,0.997406,1.670380,2502,0,3.000000
1.725000e+02,4.081799e-10,0.997379,1.670786,2502,4,3.000000
1.742000e+02,3.968672e-10,0.997347,1.670771,2502,7,3.000000
1.759667e+02,3.084460e-10,0.997344,1.669696,2502,6,3.000000
1.777000e+02,2.531918e-10,0.997348,1.671107,2502,5,3.000000
1.795000e+02,3.799093e-10,0.997384,1.670700,2502,5,3.000000
1.812667e+02,4.121191e-10,0.997405,1.670184,2502,5,3.000000
1.831000e+02,4.039145e-10,0.997396,1.670417,2502,5,3.000000
1.849333e+02,4.260795e-10,0.997364,1.670792,2502,4,3.000000
1.867667e+02,4.718534e-10,0.997348,1.669805,2502,0,3.000000
1.886333e+02,5.928373e-10,0.997340,1.670394,2502,4,3.000000
1.905333e+02,4.682828e-10,0.997362,1.670714,2502,6,3.000000
1.924333e+02,5.604396e-10,0.997400,1.670263,2502,5,3.000000
1.943667e+02,6.715070e-10,0.997410,1.670206,2502,5,3.000000
1.963000e+02,6.255979e-10,0.997375,1.670599,2502,4,3.000000
1.982667e+02,5.969847e-10,0.997339,1.669829,2502,4,3.000000
2.002333e+02,7.640753e-10,0.997333,1.670068,2502,4,3.000000
2.022333e+02,7.706565e-10,0.997370,1.670516,2502,4,3.000000
2.042667e+02,7.932368e-10,0.997412,1.670065,2502,4,3.000000
2.063000e+02,9.379214e-10,0.997401,1.670187,2502,0,3.000000
2.083667e+02,1.184707e-09,0.997355,1.670703,2502,5,3.000000
2.104667e+02,1.124613e-09,0.997345,1.669389,2502,5,3.000000
2.125667e+02,1.083817e-09,0.997347,1.670517,2502,5,3.000000
2.147000e+02,1.126714e-09,0.997384,1.670114,2502,6,3.000000
2.168333e+02,1.261202e-09,0.997408,1.669808,2502,6,3.000000
2.190000e+02,1.175235e-09,0.997386,1.670317,2502,4,3.000000
2.212000e+02,1.114260e-09,0.997343,1.670336,2502,4,3.000000
2.234000e+02,3.915812e-10,0.997335,1.670039,2502,5,3.000000
2.256333e+02,4.060576e-10,0.997370,1.671296,2502,7,3.000000
2.279000e+02,4.892010e-10,0.997416,1.671242,2502,6,3.000000
2.301667e+02,3.862907e-10,0.997390,1.671891,2502,6,3.000000
2.324667e+02,3.955347e-10,0.997337,1.672261,2502,5,3.000000
2.348000e+02,4.438737e-10,0.997348,1.671206,2502,4,3.000000
2.371667e+02,4.010137e-10,0.997378,1.672621,2502,4,3.000000
2.395333e+02,3.910417e-10,0.997400,1.672059,2502,4,3.000000
2.419000e+02,4.380712e-10,0.997379,1.672410,2502,0,3.000000
2.443333e+02,6.781420e-10,0.997354,1.672597,2502,0,3.000000
2.467667e+02,6.792086e-10,0.997351,1.671983,2502,0,3.000000
2.492333e+02,4.767517e-10,0.997366,1.672590,2502,4,3.000000
2.517333e+02,5.410132e-10,0.997403,1.672092,2502,4,3.000000
2.542667e+02,5.692954e-10,0.997385,1.672302,2502,4,3.000000
2.568000e+02,5.735845e-10,0.997345,1.672006,2502,4,3.000000
2.593667e+02,4.771519e-10,0.997344,1.672824,2502,4,3.000000
2.619667e+02,5.481093e-10,0.997393,1.672632,2502,4,3.000000
2.645667e+02,5.887460e-10,0.997398,1.672618,2502,4,3.000000
2.672333e+02,6.519689e-10,0.997358,1.673226,2502,5,3.000000
2.699000e+02,5.815968e-10,0.997348,1.673051,2502,7,3.000000
2.726000e+02,4.817281e-10,0.997365,1.674039,2502,6,3.000000
2.753333e+02,5.508129e-10,0.997406,1.673774,2502,4,3.000000
2.780667e+02,6.867861e-10,0.997380,1.674150,2502,4,3.000000
2.808667e+02,4.956358e-10,0.997343,1.672601,2502,5,3.000000
2.836667e+02,5.313893e-10,0.997356,1.674659,2502,4,3.000000
2.865000e+02,5.890546e-10,0.997414,1.674119,2502,4,3.000000
2.893667e+02,6.389932e-10,0.997373,1.674886,2502,5,3.000000
2.922667e+02,5.985266e-10,0.997347,1.673666,2502,6,3.000000
2.951667e+02,5.183843e-10,0.997362,1.675214,2502,5,3.000000
2.981333e+02,5.668689e-10,0.997399,1.674666,2502,0,3.000000
3.011000e+02,4.872131e-10,0.997380,1.675196,2502,5,3.000000
3.041333e+02,3.943209e-10,0.997352,1.674082,2502,5,3.000000
3.071667e+02,3.117650e-10,0.997353,1.675722,2502,7,3.000000
3.102333e+02,4.744978e-10,0.997415,1.675305,2502,5,3.000000
3.133333e+02,5.391839e-10,0.997365,1.675860,2502,6,3.000000
3.164667e+02,4.319228e-10,0.997337,1.674533,2502,4,3.000000
3.196333e+02,4.518285e-10,0.997391,1.675410,2502,5,3.000000
3.228333e+02,4.536845e-10,0.997397,1.675453,2502,4,3.000000
3.260667e+02,5.000069e-10,0.997345,1.675748,2502,4,3.000000
3.293333e+02,8.814467e-10,0.997354,1.675836,2502,0,3.000000
3.326000e+02,5.994512e-10,0.997393,1.675430,2502,0,3.000000
3.359333e+02,8.310850e-10,0.997383,1.675850,2502,0,3.000000
3.393000e+02,2.967602e-11,0.997349,1.674492,2502,4,3.000000
3.427000e+02,1.879465e-11,0.997372,1.675870,2502,4,3.000000
3.461333e+02,8.187913e-11,0.997406,1.674595,2502,5,3.000000
3.495667e+02,4.209256e-10,0.997343,1.674869,2502,4,3.000000
3.530667e+02,3.213895e-10,0.997350,1.675254,2502,4,3.000000
3.566000e+02,3.827217e-10,0.997408,1.674706,2502,5,3.000000
3.601667e+02,3.029617e-10,0.997359,1.675291,2502,4,3.000000
3.637667e+02,2.928077e-10,0.997340,1.674844,2502,5,3.000000
3.674000e+02,3.410649e-10,0.997405,1.674901,2502,4,3.000000
3.711000e+02,2.599674e-10,0.997370,1.675552,2502,5,3.000000
3.748000e+02,1.286108e-11,0.997343,1.674553,2502,0,3.000000
3.785333e+02,1.081708e-10,0.997398,1.675268,2502,0,3.000000
3.823333e+02,1.162627e-11,0.997374,1.675500,2502,0,3.000000
3.861667e+02,4.171328e-10,0.997351,1.674357,2502,0,3.000000
3.900000e+02,1.002365e-09,0.997391,1.675478,2502,4,3.000000
3.939000e+02,1.000964e-09,0.997376,1.675278,2502,4,3.000000
3.978667e+02,1.060072e-09,0.997357,1.674120,2502,4,3.000000
4.018333e+02,7.270136e-10,0.997384,1.675070,2502,0,3.000000
4.058333e+02,7.566033e-10,0.997384,1.675254,2502,0,3.000000
4.099000e+02,9.248637e-10,0.997340,1.674478,2502,0,3.000000
4.140000e+02,6.848801e-10,0.997401,1.675058,2502,0,3.000000
4.181333e+02,6.299231e-10,0.997365,1.675630,2502,7,3.000000
4.223333e+02,5.852004e-10,0.997342,1.675036,2502,5,3.000000
4.265667e+02,5.371809e-10,0.997410,1.674633,2502,0,3.000000
4.308000e+02,7.131276e-10,0.997343,1.675091,2502,4,3.000000
4.351333e+02,1.618058e-09,0.997365,1.675106,2501,0,3.000000
4.394667e+02,1.571815e-09,0.997396,1.674846,2501,6,3.000000
4.438667e+02,1.568716e-09,0.997347,1.674348,2501,4,3.000000
4.483000e+02,1.619326e-09,0.997391,1.675278,2501,5,3.000000
4.528000e+02,1.584245e-09,0.997366,1.675010,2501,6,3.000000
4.573333e+02,1.675932e-09,0.997349,1.674753,2501,5,3.000000
4.619000e+02,1.693889e-09,0.997401,1.674107,2501,4,3.000000
4.665000e+02,1.754532e-09,0.997347,1.674395,2501,5,3.000000
4.711667e+02,1.725874e-09,0.997374,1.674785,2501,4,3.000000
4.759000e+02,1.738334e-09,0.997381,1.674745,2501,0,3.000000
4.806333e+02,2.019199e-09,0.997339,1.674642,2501,0,3.000000
4.854667e+02,1.645007e-09,0.997409,1.674232,2501,0,3.000000
4.903000e+02,1.777314e-09,0.997341,1.673739,2501,0,3.000000
4.952000e+02,1.836705e-09,0.997394,1.673846,2501,6,3.000000
5.001667e+02,1.835004e-09,0.997357,1.674354,2501,4,3.000000
5.051667e+02,1.743566e-09,0.997359,1.674204,2501,4,3.000000
5.102000e+02,1.658600e-09,0.997390,1.673798,2501,0,3.000000
5.153000e+02,2.014806e-09,0.997339,1.673645,2501,0,3.000000
5.204667e+02,1.676394e-09,0.997407,1.673646,2501,4,3.000000
5.256667e+02,1.910505e-09,0.997343,1.672779,2501,4,3.000000
5.309333e+02,1.780565e-09,0.997407,1.673484,2501,0,3.000000
5.362333e+02,2.032483e-09,0.997338,1.673627,2501,4,3.000000
5.416000e+02,2.094074e-09,0.997392,1.673687,2501,5,3.000000
5.470333e+02,1.942659e-09,0.997348,1.674179,2501,4,3.000000
5.525000e+02,1.941929e-09,0.997377,1.674012,2501,4,3.000000
5.580000e+02,1.840148e-09,0.997362,1.673434,2501,4,3.000000
5.636000e+02,2.776656e-09,0.997365,1.673541,2501,4,3.000000
5.692333e+02,2.925629e-09,0.997375,1.673337,2501,4,3.000000
5.749333e+02,2.881053e-09,0.997352,1.673636,2501,4,3.000000
5.806667e+02,2.905760e-09,0.997386,1.672584,2501,6,3.000000
5.864667e+02,2.880388e-09,0.997349,1.673628,2501,6,3.000000
5.923333e+02,2.876770e-09,0.997378,1.672870,2501,5,3.000000
5.982667e+02,1.812809e-09,0.997360,1.672716,2501,4,3.000000
6.042333e+02,1.865357e-09,0.997373,1.672342,2501,0,3.000000
6.103000e+02,1.938015e-09,0.997357,1.672466,2501,6,3.000000
6.164000e+02,1.902186e-09,0.997369,1.672071,2501,5,3.000000
6.225667e+02,1.933640e-09,0.997375,1.671627,2501,4,3.000000
6.287667e+02,2.102445e-09,0.997350,1.671726,2501,4,3.000000
6.350667e+02,2.378708e-09,0.997383,1.671462,2501,5,3.000000
6.414333e+02,2.459178e-09,0.997350,1.672297,2501,4,3.000000
6.478333e+02,2.392609e-09,0.997404,1.671604,2501,6,3.000000
6.543000e+02,1.692286e-09,0.997339,1.670277,2501,0,3.000000
6.608667e+02,2.361394e-09,0.997400,1.671192,2501,0,3.000000
6.674667e+02,3.605104e-09,0.997351,1.671468,2501,0,3.000000
6.741333e+02,3.502826e-09,0.997386,1.671674,2501,0,3.000000
6.808667e+02,3.900837e-09,0.997361,1.671919,2501,5,3.000000
6.877000e+02,3.968427e-09,0.997342,1.671960,2501,0,3.000000
6.945667e+02,3.504530e-09,0.997405,1.671323,2501,0,3.000000
7.015000e+02,3.151627e-09,0.997354,1.670429,2501,0,3.000000
7.085333e+02,3.360536e-09,0.997395,1.671596,2501,4,3.000000
7.156000e+02,3.388728e-09,0.997360,1.670764,2501,4,3.000000
7.227667e+02,3.502238e-09,0.997338,1.670640,2501,0,3.000000
7.300000e+02,3.105894e-09,0.997404,1.670083,2501,0,3.000000
7.373000e+02,3.595073e-09,0.997349,1.670067,2501,0,3.000000
7.446667e+02,3.341172e-09,0.997368,1.670533,2501,5,3.000000
7.521000e+02,3.346824e-09,0.997388,1.670233,2501,4,3.000000
7.596333e+02,2.572876e-09,0.997357,1.669030,2501,0,3.000000
7.672333e+02,3.183217e-09,0.997386,1.670177,2501,0,3.000000
7.749000e+02,3.158759e-09,0.997373,1.670281,2501,0,3.000000
7.826333e+02,3.111193e-09,0.997353,1.669682,2501,5,3.000000
7.904667e+02,3.091204e-09,0.997395,1.670588,2501,4,3.000000
7.983667e+02,3.075509e-09,0.997374,1.670129,2501,4,3.000000
8.063667e+02,2.551457e-09,0.997347,1.669197,2501,0,3.000000
8.144333e+02,3.265761e-09,0.997388,1.670479,2501,5,3.000000
8.225667e+02,2.732945e-09,0.997401,1.670050,2501,0,3.000000
8.308000e+02,3.070553e-09,0.997349,1.669585,2501,0,3.000000
8.391000e+02,2.935494e-09,0.997357,1.670280,2501,0,3.000000
8.475000e+02,1.775984e-09,0.997398,1.669627,2501,0,3.000000
8.559667e+02,1.378194e-09,0.997356,1.670256,2501,6,3.000000
8.645333e+02,1.482673e-09,0.997347,1.668658,2501,6,3.000000
8.731667e+02,1.355188e-09,0.997376,1.669119,2501,4,3.000000
8.819000e+02,1.188568e-09,0.997396,1.668650,2501,0,3.000000
8.907333e+02,1.419110e-09,0.997354,1.669118,2501,0,3.000000
8.996333e+02,1.269453e-09,0.997348,1.668115,2501,5,3.000000
9.086333e+02,1.190915e-09,0.997373,1.669560,2501,5,3.000000
9.177000e+02,1.205731e-09,0.997398,1.668327,2501,4,3.000000
9.269000e+02,1.149060e-09,0.997367,1.669246,2501,5,3.000000
9.361667e+02,1.268357e-09,0.997343,1.669497,2501,5,3.000000
9.455333e+02,1.265110e-09,0.997351,1.670179,2501,0,3.000000
9.549667e+02,1.130029e-09,0.997392,1.669966,2501,5,3.000000
9.645333e+02,6.257915e-10,0.997413,1.669682,2501,0,3.000000
9.741667e+02,6.631997e-10,0.997386,1.670583,2501,4,3.000000
9.839000e+02,4.775127e-10,0.997348,1.671211,2501,4,3.000000
9.937667e+02,4.255314e-10,0.997346,1.669650,2501,4,3.000000
1.003700e+03,3.857164e-10,0.997345,1.671062,2501,0,3.000000
1.013733e+03,3.922870e-10,0.997372,1.670980,2501,0,3.000000
1.023867e+03,1.369197e-09,0.997390,1.670662,2501,0,3.000000
1.034100e+03,1.250466e-09,0.997388,1.672013,2501,4,3.000000
1.044433e+03,1.314941e-09,0.997374,1.672730,2501,0,3.000000
1.054900e+03,1.421795e-09,0.997356,1.673008,2501,0,3.000000
1.065433e+03,1.620748e-09,0.997337,1.672745,2501,0,3.000000
1.076100e+03,1.196825e-09,0.997332,1.671929,2501,4,3.000000
1.086867e+03,1.118530e-09,0.997343,1.673017,2501,5,3.000000
1.097733e+03,1.114513e-09,0.997353,1.673049,2501,4,3.000000
1.108700e+03,1.029907e-09,0.997351,1.673574,2501,4,3.000000
1.119767e+03,3.214404e-10,0.997358,1.673391,2501,4,3.000000
1.130967e+03,2.681470e-10,0.997373,1.673619,2501,7,3.000000
1.142300e+03,4.413060e-10,0.997369,1.674117,2501,0,3.000000
1.153700e+03,4.370316e-10,0.997378,1.673531,2501,5,3.000000
1.165233e+03,1.302799e-09,0.997389,1.673229,2501,4,3.000000
1.176900e+03,1.237828e-09,0.997381,1.673047,2501,4,3.000000
1.188667e+03,1.101369e-09,0.997389,1.673278,2501,4,3.000000
1.200567e+03,4.142888e-10,0.997376,1.673533,2501,5,3.000000
1.212567e+03,5.478041e-10,0.997367,1.674129,2501,0,3.000000
1.224700e+03,5.727959e-10,0.997369,1.673929,2501,5,3.000000
1.236933e+03,1.078189e-09,0.997354,1.673484,2501,0,3.000000
1.249300e+03,1.113345e-09,0.997346,1.673165,2501,4,3.000000
1.261800e+03,7.984715e-10,0.997342,1.672435,2501,0,3.000000
1.274400e+03,4.317456e-10,0.997342,1.672640,2500,5,3.000000
1.287167e+03,3.586581e-10,0.997339,1.674141,2500,4,3.000000
1.300033e+03,3.803569e-10,0.997358,1.674538,2500,4,3.000000
1.313033e+03,5.291924e-10,0.997381,1.674498,2500,4,3.000000
1.326167e+03,1.002234e-09,0.997398,1.674726,2500,4,3.000000
1.339433e+03,1.113524e-09,0.997402,1.674511,2500,0,3.000000
1.352800e+03,1.480366e-09,0.997363,1.674911,2500,0,3.000000
1.366333e+03,1.732576e-09,0.997344,1.674618,2500,0,3.000000
1.380000e+03,1.626452e-09,0.997345,1.674178,2500,0,3.000000
1.393800e+03,1.371859e-09,0.997363,1.675093,2500,0,3.000000
1.407733e+03,1.256501e-09,0.997404,1.673916,2500,4,3.000000
1.421833e+03,1.489158e-09,0.997381,1.673770,2500,5,3.000000
1.436033e+03,1.932685e-09,0.997346,1.674041,2499,0,3.000000
1.450400e+03,2.175667e-09,0.997342,1.673384,2499,4,3.000000
1.464900e+03,2.375516e-09,0.997380,1.673610,2499,5,3.000000
1.479567e+03,2.502629e-09,0.997403,1.672884,2499,4,3.000000
1.494333e+03,1.909618e-09,0.997342,1.673009,2499,0,3.000000
1.509300e+03,1.918989e-09,0.997343,1.673161,2499,4,3.000000
1.524400e+03,1.829307e-09,0.997405,1.672617,2499,0,3.000000
1.539633e+03,2.089964e-09,0.997359,1.672688,2499,4,3.000000
1.555033e+03,1.703310e-09,0.997342,1.671798,2499,4,3.000000
1.570567e+03,8.975771e-10,0.997397,1.672455,2499,5,3.000000
1.586267e+03,8.860410e-10,0.997378,1.672742,2499,5,3.000000
1.602133e+03,6.272653e-10,0.997345,1.672047,2499,5,3.000000
1.618167e+03,3.115198e-10,0.997402,1.672062,2499,4,3.000000
1.634333e+03,1.249533e-09,0.997353,1.672657,2499,4,3.000000
1.650700e+03,1.444420e-09,0.997362,1.672402,2499,0,3.000000
1.667200e+03,1.409991e-09,0.997382,1.672602,2499,4,3.000000
1.683867e+03,1.409802e-09,0.997344,1.673397,2499,6,3.000000
1.700700e+03,1.314890e-09,0.997402,1.673165,2499,6,3.000000
1.717700e+03,8.870462e-10,0.997354,1.672136,2499,0,3.000000
1.734900e+03,1.732694e-09,0.997406,1.672670,2499,0,3.000000
1.752233e+03,2.862629e-09,0.997346,1.672227,2499,4,3.000000
1.769767e+03,3.439392e-09,0.997399,1.672225,2499,4,3.000000
1.787467e+03,3.186510e-09,0.997336,1.671762,2499,0,3.000000
1.805333e+03,3.473515e-09,0.997406,1.672010,2499,0,3.000000
1.823400e+03,3.099172e-09,0.997349,1.671455,2499,4,3.000000
1.841633e+03,2.909082e-09,0.997405,1.672703,2499,0,3.000000
1.860033e+03,3.153205e-09,0.997348,1.672977,2499,4,3.000000
1.878633e+03,3.183741e-09,0.997367,1.673248,2499,4,3.000000
1.897433e+03,2.928260e-09,0.997396,1.673323,2499,0,3.000000
1.916400e+03,2.269046e-09,0.997350,1.672284,2499,0,3.000000
1.935567e+03,2.562070e-09,0.997391,1.673380,2499,4,3.000000
1.954900e+03,2.619735e-09,0.997374,1.673558,2499,4,3.000000
1.974467e+03,2.672519e-09,0.997347,1.672125,2499,4,3.000000
1.994200e+03,2.298833e-09,0.997387,1.672643,2499,4,3.000000
2.014167e+03,2.557272e-09,0.997385,1.672804,2499,4,3.000000
2.034300e+03,3.159531e-09,0.997342,1.672683,2499,5,3.000000
2.054633e+03,3.159137e-09,0.997347,1.672862,2499,0,3.000000
2.075167e+03,3.031796e-09,0.997393,1.672382,2499,0,3.000000
2.095933e+03,3.063902e-09,0.997380,1.672882,2499,0,3.000000
2.116900e+03,3.412281e-09,0.997344,1.673316,2499,0,3.000000
2.138067e+03,3.772589e-09,0.997339,1.672912,2499,0,3.000000
2.159433e+03,3.511415e-09,0.997348,1.674661,2499,5,3.000000
2.181033e+03,3.353221e-09,0.997385,1.673901,2499,0,3.000000
2.202833e+03,3.418763e-09,0.997403,1.673730,2499,0,3.000000
2.224867e+03,3.540470e-09,0.997389,1.673772,2499,0,3.000000
2.247133e+03,3.167403e-09,0.997377,1.674632,2499,4,3.000000
2.269600e+03,3.443598e-09,0.997353,1.675192,2499,0,3.000000
2.292300e+03,3.087108e-09,0.997349,1.675201,2499,0,3.000000
2.315200e+03,2.869214e-09,0.997352,1.674917,2499,5,3.000000
2.338367e+03,3.511538e-09,0.997344,1.674150,2499,4,3.000000
2.361733e+03,3.069792e-09,0.997337,1.673761,2499,0,3.000000
2.385367e+03,2.637991e-09,0.997334,1.674357,2499,4,3.000000
2.409233e+03,2.516131e-09,0.997348,1.674607,2499,4,3.000000
2.433300e+03,2.872233e-09,0.997373,1.674366,2499,5,3.000000
2.457633e+03,3.477649e-09,0.997382,1.674999,2499,0,3.000000
2.482233e+03,2.739026e-09,0.997405,1.673829,2499,4,3.000000
2.507033e+03,2.864411e-09,0.997396,1.673419,2499,4,3.000000
2.532100e+03,2.821141e-09,0.997365,1.673667,2499,0,3.000000
2.557433e+03,2.941600e-09,0.997328,1.673179,2499,4,3.000000
2.583000e+03,1.258658e-09,0.997328,1.672934,2499,0,3.000000
2.608833e+03,1.351394e-09,0.997380,1.673699,2499,0,3.000000
2.634933e+03,1.305575e-09,0.997406,1.673151,2499,0,3.000000
2.661267e+03,1.105676e-09,0.997349,1.674043,2499,0,3.000000
2.687900e+03,1.233925e-09,0.997335,1.673199,2499,0,3.000000
2.714767e+03,9.308374e-10,0.997391,1.673641,2499,0,3.000000
2.741900e+03,1.387325e-09,0.997375,1.673833,2499,0,3.000000
2.769333e+03,1.979922e-09,0.997342,1.671920,2499,0,3.000000
2.797033e+03,1.857955e-09,0.997392,1.673435,2499,0,3.000000
2.825000e+03,2.971978e-09,0.997350,1.674191,2499,0,3.000000
2.853233e+03,2.778883e-09,0.997361,1.674125,2499,0,3.000000
2.881767e+03,2.740693e-09,0.997381,1.673545,2499,0,3.000000
2.910600e+03,2.044404e-09,0.997346,1.673619,2499,0,3.000000
2.939700e+03,1.041160e-09,0.997385,1.673249,2499,0,3.000000
2.969100e+03,6.549574e-10,0.997345,1.673501,2499,4,3.000000
2.998800e+03,6.792662e-10,0.997373,1.673791,2499,5,3.000000
3.028767e+03,1.373727e-09,0.997376,1.673988,2499,0,3.000000
3.059067e+03,1.988318e-09,0.997339,1.674018,2499,0,3.000000
3.089667e+03,1.643268e-09,0.997398,1.673533,2499,0,3.000000
3.120533e+03,2.070866e-09,0.997344,1.674315,2499,6,3.000000
3.151767e+03,2.055100e-09,0.997352,1.675719,2499,4,3.000000
3.183267e+03,2.316669e-09,0.997391,1.675372,2499,0,3.000000
3.215100e+03,1.929518e-09,0.997356,1.676167,2499,4,3.000000
3.247267e+03,8.865950e-10,0.997344,1.673944,2499,0,3.000000
3.279733e+03,1.908568e-09,0.997353,1.675474,2499,4,3.000000
3.312533e+03,5.032937e-10,0.997387,1.674493,2499,0,3.000000
3.345667e+03,5.177305e-10,0.997398,1.673731,2499,4,3.000000
3.379100e+03,1.072730e-09,0.997359,1.674902,2499,4,3.000000
3.412900e+03,8.156455e-10,0.997349,1.675357,2499,0,3.000000
3.447033e+03,1.131849e-09,0.997339,1.674397,2499,4,3.000000
3.481500e+03,1.250842e-09,0.997332,1.674086,2499,4,3.000000
3.516300e+03,9.921699e-10,0.997345,1.673893,2499,4,3.000000
3.551467e+03,5.206023e-10,0.997348,1.674996,2499,0,3.000000
3.587000e+03,1.027900e-09,0.997334,1.676168,2499,5,3.000000
3.622867e+03,1.825151e-09,0.997358,1.675015,2499,0,3.000000
3.659100e+03,1.857984e-09,0.997381,1.674282,2499,4,3.000000
3.695667e+03,1.854954e-09,0.997392,1.673497,2499,4,3.000000
3.732633e+03,2.465473e-09,0.997402,1.672512,2499,4,3.000000
3.769967e+03,2.824076e-09,0.997352,1.672947,2499,4,3.000000
3.807667e+03,3.574003e-09,0.997338,1.671639,2499,0,3.000000
3.845733e+03,2.828295e-09,0.997376,1.672838,2499,5,3.000000
3.884200e+03,2.635487e-09,0.997388,1.672448,2499,0,3.000000
3.923033e+03,2.675928e-09,0.997349,1.671946,2499,5,3.000000
3.962267e+03,2.347554e-09,0.997365,1.673298,2499,0,3.000000
4.001900e+03,2.097925e-09,0.997370,1.673283,2499,5,3.000000
4.041900e+03,1.486418e-09,0.997332,1.673983,2499,4,3.000000
4.082333e+03,7.763253e-10,0.997388,1.674804,2499,4,3.000000
4.123133e+03,7.560546e-10,0.997356,1.674202,2499,4,3.000000
4.164367e+03,1.374181e-09,0.997402,1.674812,2499,0,3.000000
4.206033e+03,8.494766e-10,0.997342,1.675946,2499,4,3.000000
4.248067e+03,1.244101e-09,0.997363,1.676218,2499,5,3.000000
4.290567e+03,1.059151e-09,0.997388,1.675937,2499,0,3.000000
4.333467e+03,7.417901e-10,0.997330,1.675680,2499,4,3.000000
4.376800e+03,7.275566e-11,0.997344,1.676174,2499,0,3.000000
4.420567e+03,1.437751e-10,0.997399,1.675271,2499,5,3.000000
4.464767e+03,6.531461e-11,0.997379,1.676557,2499,5,3.000000
4.509433e+03,2.886360e-11,0.997336,1.676962,2499,0,3.000000
4.554533e+03,1.038643e-09,0.997343,1.676477,2499,4,3.000000
4.600067e+03,2.524056e-09,0.997334,1.675969,2499,0,3.000000
4.646067e+03,2.436543e-09,0.997334,1.675764,2499,4,3.000000
4.692533e+03,2.625724e-09,0.997326,1.675971,2499,4,3.000000
4.739467e+03,2.430490e-09,0.997340,1.675582,2499,0,3.000000
4.786833e+03,3.233697e-09,0.997338,1.675955,2499,0,3.000000
4.834700e+03,2.414564e-09,0.997329,1.677903,2499,0,3.000000
4.883067e+03,2.725703e-09,0.997361,1.678580,2499,4,3.000000
4.931900e+03,1.836458e-09,0.997391,1.678785,2499,5,3.000000
4.981200e+03,8.056669e-10,0.997370,1.680990,2499,0,3.000000
5.031033e+03,9.154670e-10,0.997338,1.679779,2499,0,3.000000
5.081333e+03,4.032961e-11,0.997391,1.680038,2499,5,3.000000
5.132133e+03,3.292730e-10,0.997375,1.679661,2499,0,3.000000
5.183467e+03,7.827180e-10,0.997335,1.679162,2499,4,3.000000
5.235300e+03,1.606090e-09,0.997384,1.678873,2499,0,3.000000
5.287667e+03,1.240311e-09,0.997328,1.678184,2499,4,3.000000
5.340533e+03,1.596847e-09,0.997389,1.677761,2499,4,3.000000
5.393933e+03,3.056604e-09,0.997348,1.677864,2499,0,3.000000
5.447867e+03,3.019812e-09,0.997346,1.677893,2499,0,3.000000
5.502367e+03,4.295514e-09,0.997396,1.676883,2499,0,3.000000
5.557367e+03,4.467271e-09,0.997357,1.676940,2498,6,3.000000
5.612933e+03,5.044768e-09,0.997337,1.676555,2498,0,3.000000
5.669067e+03,3.668483e-09,0.997338,1.678254,2498,0,3.000000
5.725767e+03,5.431772e-09,0.997375,1.678601,2498,0,3.000000
5.783033e+03,3.761205e-09,0.997398,1.677981,2498,0,3.000000
5.840867e+03,4.730406e-09,0.997382,1.678334,2498,0,3.000000
5.899267e+03,4.485072e-09,0.997386,1.678794,2498,6,3.000000
5.958267e+03,3.979896e-09,0.997371,1.678761,2498,4,3.000000
6.017833e+03,3.715326e-09,0.997337,1.677551,2498,4,3.000000
6.078033e+03,5.417428e-09,0.997328,1.675197,2498,4,3.000000
6.138800e+03,4.976553e-09,0.997351,1.677798,2498,0,3.000000
6.200200e+03,5.591459e-09,0.997386,1.677976,2498,5,3.000000
6.262200e+03,5.776610e-09,0.997343,1.678127,2498,0,3.000000
6.324800e+03,5.318532e-09,0.997343,1.678359,2498,4,3.000000
6.388067e+03,6.111838e-09,0.997390,1.677421,2498,0,3.000000
6.451933e+03,6.298504e-09,0.997330,1.677769,2498,0,3.000000
6.516467e+03,5.377993e-09,0.997375,1.677182,2498,0,3.000000
6.581633e+03,4.632337e-09,0.997368,1.677859,2498,4,3.000000
6.647433e+03,2.915671e-09,0.997334,1.677747,2498,0,3.000000
6.713900e+03,1.848911e-09,0.997379,1.678020,2498,0,3.000000
6.781067e+03,2.871698e-09,0.997383,1.677240,2498,0,3.000000
6.848867e+03,1.890088e-09,0.997344,1.677978,2498,4,3.000000
6.917333e+03,1.507112e-09,0.997330,1.677625,2498,0,3.000000
6.986533e+03,2.212851e-09,0.997319,1.677439,2498,0,3.000000
7.056400e+03,1.863754e-09,0.997334,1.677795,2498,0,3.000000
7.126967e+03,7.060671e-10,0.997335,1.678288,2498,0,3.000000
7.198233e+03,5.494500e-10,0.997361,1.677993,2498,4,3.000000
7.270200e+03,7.643472e-10,0.997385,1.676579,2498,4,3.000000
7.342900e+03,2.127690e-09,0.997366,1.677619,2498,4,3.000000
7.416333e+03,3.090168e-09,0.997340,1.675200,2498,4,3.000000
7.490500e+03,4.201206e-09,0.997374,1.676573,2498,4,3.000000
7.565400e+03,4.182947e-09,0.997347,1.676721,2498,0,3.000000
7.641067e+03,3.253127e-09,0.997364,1.676229,2498,5,3.000000
7.717467e+03,4.877162e-09,0.997338,1.676138,2498,4,3.000000
7.794633e+03,3.313882e-09,0.997394,1.675724,2498,5,3.000000
7.872600e+03,3.092870e-09,0.997325,1.676886,2498,0,3.000000
7.951300e+03,3.565408e-09,0.997339,1.676156,2498,0,3.000000
8.030833e+03,4.270571e-09,0.997360,1.677313,2498,0,3.000000
8.111133e+03,4.718770e-09,0.997374,1.676798,2497,4,3.000000
8.192233e+03,6.015758e-09,0.997384,1.675530,2497,5,3.000000
8.274167e+03,5.777665e-09,0.997368,1.677073,2497,0,3.000000
8.356900e+03,5.196211e-09,0.997350,1.678005,2497,0,3.000000
8.440467e+03,5.192275e-09,0.997329,1.678051,2497,4,3.000000
8.524867e+03,5.783563e-09,0.997329,1.679151,2497,0,3.000000
8.610133e+03,6.695873e-09,0.997384,1.678690,2497,0,3.000000
8.696233e+03,7.058641e-09,0.997332,1.677003,2497,5,3.000000
8.783200e+03,5.850183e-09,0.997379,1.677239,2497,4,3.000000
8.871033e+03,4.535285e-09,0.997327,1.677527,2497,4,3.000000
8.959733e+03,5.301962e-09,0.997392,1.677149,2497,0,3.000000
9.049333e+03,6.179779e-09,0.997344,1.677130,2497,4,3.000000
9.139833e+03,7.009780e-09,0.997331,1.676305,2497,0,3.000000
9.231233e+03,6.061364e-09,0.997314,1.678322,2497,4,3.000000
9.323533e+03,3.319477e-09,0.997335,1.678993,2497,4,3.000000
9.416767e+03,5.037694e-09,0.997329,1.679800,2497,4,3.000000
9.510933e+03,4.946236e-09,0.997329,1.680053,2497,4,3.000000
9.606033e+03,3.731076e-09,0.997323,1.680746,2497,4,3.000000
9.702100e+03,3.886437e-09,0.997386,1.681360,2497,0,3.000000
9.799133e+03,2.270203e-09,0.997343,1.681310,2497,4,3.000000
9.897133e+03,2.508570e-09,0.997348,1.680446,2497,4,3.000000
9.996100e+03,2.214220e-09,0.997353,1.677700,2497,0,3.000000
1.009607e+04,1.524514e-09,0.997357,1.677630,2497,0,3.000000
1.019700e+04,1.824235e-09,0.997323,1.677686,2497,0,3.000000
1.029897e+04,2.528163e-09,0.997352,1.677957,2497,5,3.000000
1.040197e+04,2.454664e-09,0.997371,1.678788,2497,0,3.000000
1.050600e+04,9.940271e-10,0.997383,1.679366,2497,4,3.000000
1.061107e+04,1.439006e-09,0.997378,1.679471,2497,5,3.000000
1.071717e+04,1.531462e-11,0.997362,1.679580,2497,4,3.000000
1.082433e+04,5.491581e-11,0.997325,1.678632,2497,0,3.000000
1.093257e+04,9.646212e-10,0.997346,1.679000,2497,4,3.000000
1.104190e+04,9.073704e-10,0.997365,1.678642,2497,4,3.000000
1.115233e+04,1.434733e-09,0.997334,1.677822,2497,0,3.000000
1.126383e+04,1.609052e-09,0.997347,1.679370,2497,4,3.000000
1.137647e+04,1.574011e-09,0.997383,1.678969,2497,5,3.000000
1.149023e+04,3.509747e-09,0.997333,1.679661,2497,0,3.000000
1.160513e+04,4.722493e-09,0.997318,1.679898,2496,4,3.000000
1.172120e+04,5.160270e-09,0.997326,1.680717,2496,0,3.000000
1.183840e+04,5.813833e-09,0.997335,1.681764,2496,4,3.000000
1.195680e+04,6.388808e-09,0.997377,1.679288,2496,0,3.000000
1.207637e+04,7.050054e-09,0.997368,1.681094,2496,5,3.000000
1.219713e+04,7.337830e-09,0.997316,1.680360,2496,0,3.000000
1.231910e+04,5.207935e-09,0.997381,1.680618,2496,4,3.000000
1.244230e+04,3.572040e-09,0.997325,1.681689,2496,4,3.000000
1.256670e+04,4.358888e-09,0.997315,1.681628,2496,0,3.000000
1.269237e+04,4.014947e-09,0.997348,1.681206,2496,4,3.000000
1.281930e+04,2.892194e-09,0.997363,1.681280,2496,0,3.000000
1.294750e+04,2.241508e-09,0.997358,1.680565,2495,4,3.000000
1.307697e+04,2.793796e-09,0.997324,1.679405,2495,5,3.000000
1.320773e+04,6.672986e-10,0.997318,1.679318,2495,6,3.000000
1.333980e+04,8.793295e-10,0.997380,1.679601,2495,0,3.000000
1.347320e+04,1.782105e-09,0.997331,1.680335,2495,5,3.000000
1.360793e+04,1.079415e-09,0.997373,1.681262,2495,5,3.000000
1.374403e+04,6.090602e-10,0.997363,1.683255,2495,7,3.000000
1.388147e+04,7.649824e-10,0.997326,1.681833,2495,4,3.000000
1.402027e+04,2.628547e-09,0.997316,1.682394,2495,4,3.000000
1.416047e+04,1.856694e-09,0.997333,1.683392,2495,4,3.000000
1.430210e+04,7.868983e-11,0.997364,1.680563,2495,0,3.000000
1.444510e+04,1.572060e-09,0.997334,1.681151,2495,4,3.000000
1.458957e+04,1.283486e-09,0.997341,1.683407,2495,5,3.000000
1.473547e+04,1.516373e-09,0.997330,1.684456,2495,0,3.000000
1.488280e+04,2.723136e-09,0.997391,1.682779,2495,5,3.000000
1.503163e+04,2.967059e-09,0.997367,1.681814,2495,4,3.000000
1.518197e+04,4.028303e-09,0.997346,1.681384,2495,4,3.000000
1.533377e+04,1.116867e-09,0.997367,1.679513,2495,5,3.000000
1.548710e+04,9.305671e-10,0.997380,1.678604,2495,5,3.000000
1.564197e+04,1.305190e-10,0.997320,1.679808,2495,4,3.000000
1.579840e+04,1.082608e-09,0.997355,1.680966,2495,0,3.000000
1.595640e+04,2.156346e-09,0.997311,1.679182,2495,0,3.000000
1.611593e+04,3.301552e-09,0.997359,1.680413,2495,0,3.000000
1.627710e+04,2.271126e-09,0.997377,1.679875,2495,0,3.000000
1.643987e+04,1.469661e-09,0.997376,1.679787,2495,5,3.000000
1.660427e+04,1.834909e-09,0.997342,1.680184,2495,5,3.000000
1.677033e+04,2.801309e-09,0.997317,1.678233,2495,0,3.000000
1.693803e+04,1.192485e-09,0.997364,1.677864,2495,5,3.000000
1.710740e+04,5.085568e-09,0.997321,1.677362,2495,4,3.000000
1.727847e+04,3.965328e-09,0.997351,1.680790,2495,0,3.000000
1.745127e+04,5.379010e-09,0.997363,1.680747,2495,0,3.000000
1.762577e+04,7.720964e-09,0.997368,1.679377,2495,0,3.000000
1.780203e+04,7.786266e-09,0.997332,1.677728,2495,0,3.000000
1.798007e+04,6.971018e-09,0.997310,1.677846,2495,0,3.000000
1.815987e+04,4.983846e-09,0.997372,1.679259,2495,0,3.000000
1.834143e+04,4.496613e-09,0.997314,1.678786,2495,0,3.000000
1.852487e+04,4.195430e-09,0.997318,1.678563,2495,4,3.000000
1.871010e+04,4.247224e-09,0.997310,1.679558,2495,0,3.000000
1.889720e+04,4.642428e-09,0.997317,1.677409,2495,7,3.000000
1.908620e+04,4.670473e-09,0.997325,1.679245,2495,0,3.000000
1.927703e+04,5.937570e-09,0.997370,1.679924,2495,5,3.000000
1.946983e+04,6.936983e-09,0.997327,1.680239,2494,0,3.000000
1.966450e+04,7.096061e-09,0.997312,1.678656,2494,4,3.000000
1.986117e+04,7.753931e-09,0.997307,1.680743,2494,0,3.000000
2.005977e+04,8.632075e-09,0.997296,1.680444,2494,5,3.000000
2.026037e+04,6.692953e-09,0.997337,1.680544,2494,0,3.000000
2.046297e+04,4.667464e-09,0.997328,1.679563,2494,0,3.000000
2.066760e+04,4.884252e-09,0.997351,1.681021,2494,0,3.000000
2.087427e+04,6.721774e-09,0.997310,1.682695,2494,0,3.000000
2.108303e+04,7.193904e-09,0.997302,1.682482,2494,0,3.000000
2.129387e+04,1.049887e-08,0.997347,1.681832,2494,0,3.000000
2.150680e+04,1.158432e-08,0.997342,1.681237,2494,0,3.000000
2.172187e+04,1.092791e-08,0.997331,1.679880,2494,4,3.000000
2.193907e+04,9.883277e-09,0.997302,1.678900,2494,0,3.000000
2.215847e+04,9.123739e-09,0.997321,1.681011,2494,0,3.000000
2.238007e+04,7.315427e-09,0.997309,1.680335,2494,5,3.000000
2.260387e+04,4.301995e-09,0.997301,1.679972,2494,0,3.000000
2.282990e+04,5.577214e-09,0.997358,1.677840,2494,4,3.000000
2.305820e+04,3.080203e-09,0.997318,1.678563,2494,5,3.000000
2.328877e+04,4.358585e-09,0.997304,1.679446,2493,4,3.000000
2.352167e+04,8.296622e-09,0.997304,1.680755,2493,0,3.000000
2.375687e+04,8.536632e-09,0.997353,1.682170,2493,4,3.000000
2.399443e+04,9.078237e-09,0.997299,1.681212,2493,0,3.000000
2.423440e+04,9.664763e-09,0.997366,1.680462,2493,4,3.000000
2.447673e+04,1.050479e-08,0.997353,1.680852,2493,0,3.000000
2.472150e+04,9.440886e-09,0.997359,1.680336,2493,0,3.000000
2.496870e+04,5.912304e-09,0.997330,1.679960,2493,4,3.000000
2.521840e+04,5.870261e-09,0.997317,1.679022,2493,5,3.000000
2.547057e+04,6.439747e-09,0.997305,1.677807,2493,4,3.000000
2.572530e+04,1.462543e-09,0.997316,1.677561,2493,4,3.000000
2.598253e+04,3.799589e-09,0.997305,1.677874,2493,4,3.000000
2.624237e+04,4.692944e-09,0.997322,1.676078,2493,0,3.000000
2.650480e+04,3.943870e-09,0.997325,1.677765,2493,0,3.000000
2.676983e+04,2.098399e-09,0.997356,1.675290,2493,0,3.000000
2.703753e+04,3.917378e-09,0.997372,1.674224,2493,0,3.000000
2.730790e+04,3.923552e-09,0.997348,1.677073,2493,0,3.000000
2.758100e+04,7.461660e-09,0.997307,1.675511,2493,4,3.000000
2.785680e+04,5.418014e-09,0.997325,1.675831,2493,0,3.000000
2.813537e+04,3.058630e-09,0.997352,1.675379,2493,0,3.000000
2.841673e+04,2.829791e-09,0.997309,1.677532,2493,0,3.000000
2.870090e+04,5.461125e-09,0.997318,1.678984,2493,4,3.000000
2.898790e+04,6.594973e-09,0.997293,1.678359,2493,0,3.000000
2.927777e+04,4.800356e-09,0.997308,1.677666,2493,0,3.000000
2.957057e+04,7.925017e-09,0.997299,1.677304,2493,0,3.000000
2.986627e+04,8.137352e-09,0.997352,1.677225,2493,4,3.000000
3.016493e+04,1.041254e-08,0.997295,1.677772,2493,5,3.000000
3.046657e+04,1.269541e-08,0.997299,1.677489,2493,4,3.000000
3.077123e+04,1.529491e-08,0.997303,1.678789,2493,0,3.000000
3.107893e+04,1.592006e-08,0.997341,1.677318,2493,4,3.000000
3.138973e+04,1.543420e-08,0.997340,1.679424,2493,0,3.000000
3.170363e+04,1.610771e-08,0.997353,1.678738,2493,0,3.000000
3.202067e+04,1.788745e-08,0.997331,1.678943,2493,4,3.000000
3.234087e+04,1.788265e-08,0.997304,1.681351,2493,0,3.000000
3.266430e+04,1.706384e-08,0.997284,1.678772,2493,0,3.000000
3.299093e+04,2.095304e-08,0.997308,1.683313,2493,4,3.000000
3.332083e+04,2.267707e-08,0.997312,1.681567,2493,4,3.000000
3.365403e+04,2.086558e-08,0.997335,1.681352,2493,5,3.000000
3.399060e+04,2.200459e-08,0.997338,1.681202,2493,0,3.000000
3.433050e+04,2.167618e-08,0.997309,1.682753,2493,4,3.000000
3.467380e+04,2.386264e-08,0.997320,1.682052,2493,0,3.000000
3.502053e+04,2.029117e-08,0.997285,1.682867,2493,4,3.000000
3.537073e+04,2.042140e-08,0.997332,1.681951,2493,0,3.000000
3.572443e+04,1.929331e-08,0.997278,1.682511,2493,0,3.000000
3.608170e+04,1.845389e-08,0.997340,1.682712,2493,0,3.000000
3.644250e+04,1.871302e-08,0.997315,1.683312,2493,0,3.000000
3.680693e+04,2.001348e-08,0.997336,1.680562,2493,6,3.000000
3.717500e+04,2.566092e-08,0.997308,1.680704,2493,0,3.000000
3.754677e+04,2.753975e-08,0.997308,1.679919,2493,4,3.000000
3.792223e+04,3.028269e-08,0.997319,1.682252,2493,5,3.000000
3.830143e+04,2.374283e-08,0.997282,1.679609,2493,4,3.000000
3.868447e+04,2.294754e-08,0.997294,1.684921,2492,0,3.000000
3.907130e+04,2.601653e-08,0.997345,1.683089,2492,4,3.000000
3.946200e+04,2.544878e-08,0.997294,1.684023,2492,0,3.000000
3.985663e+04,2.717373e-08,0.997297,1.683630,2492,4,3.000000
4.025520e+04,2.863701e-08,0.997327,1.683523,2492,0,3.000000
4.065777e+04,2.661008e-08,0.997340,1.684432,2491,0,3.000000
4.106433e+04,2.912462e-08,0.997336,1.685579,2491,5,3.000000
4.147497e+04,2.938476e-08,0.997286,1.687111,2491,0,3.000000
4.188973e+04,2.863709e-08,0.997281,1.684757,2491,0,3.000000
4.230863e+04,2.901289e-08,0.997306,1.685481,2491,0,3.000000
4.273170e+04,2.821513e-08,0.997294,1.685624,2491,0,3.000000
4.315903e+04,2.794646e-08,0.997282,1.686967,2491,5,3.000000
4.359060e+04,2.507721e-08,0.997291,1.688236,2491,0,3.000000
4.402650e+04,2.547387e-08,0.997291,1.688019,2491,0,3.000000
4.446677e+04,2.464832e-08,0.997287,1.687864,2491,0,3.000000
4.491143e+04,2.440566e-08,0.997338,1.686989,2491,4,3.000000
4.536057e+04,2.599283e-08,0.997341,1.687811,2491,4,3.000000
4.581417e+04,2.524529e-08,0.997292,1.688486,2491,5,3.000000
4.627230e+04,2.734621e-08,0.997337,1.688544,2491,0,3.000000
4.673503e+04,2.639284e-08,0.997348,1.690154,2491,0,3.000000
4.720240e+04,2.556655e-08,0.997280,1.688393,2491,0,3.000000
4.767440e+04,2.287871e-08,0.997276,1.686831,2491,0,3.000000
4.815117e+04,2.144746e-08,0.997301,1.689318,2491,4,3.000000
4.863267e+04,2.536400e-08,0.997275,1.688792,2491,4,3.000000
4.911900e+04,2.697462e-08,0.997284,1.692204,2491,4,3.000000
4.961017e+04,2.701569e-08,0.997272,1.692778,2490,0,3.000000
5.010627e+04,2.909774e-08,0.997275,1.693558,2490,5,3.000000
5.060733e+04,3.048017e-08,0.997334,1.692638,2490,0,3.000000
5.111340e+04,3.523691e-08,0.997320,1.692660,2490,4,3.000000
5.162457e+04,3.357678e-08,0.997273,1.690440,2490,4,3.000000
5.214080e+04,3.434159e-08,0.997279,1.694628,2490,5,3.000000
5.266220e+04,3.637779e-08,0.997286,1.693539,2490,4,3.000000
5.318883e+04,3.682145e-08,0.997263,1.695047,2489,0,3.000000
5.372070e+04,3.438149e-08,0.997319,1.693644,2489,0,3.000000
5.425793e+04,3.232321e-08,0.997271,1.698071,2489,0,3.000000
5.480050e+04,2.994965e-08,0.997337,1.697764,2489,4,3.000000
5.534850e+04,3.164275e-08,0.997305,1.697076,2489,4,3.000000
5.590200e+04,2.990305e-08,0.997317,1.697010,2489,5,3.000000
5.646100e+04,3.460057e-08,0.997300,1.697779,2489,0,3.000000
5.702563e+04,3.106396e-08,0.997317,1.698546,2488,5,3.000000
5.759587e+04,3.576041e-08,0.997302,1.699035,2488,6,3.000000
5.817183e+04,3.560331e-08,0.997303,1.697223,2488,5,3.000000
5.875357e+04,4.082684e-08,0.997309,1.696714,2488,5,3.000000
5.934110e+04,4.194485e-08,0.997311,1.696897,2488,0,3.000000
5.993450e+04,3.533977e-08,0.997304,1.698180,2488,0,3.000000
6.053383e+04,3.890745e-08,0.997273,1.699214,2488,4,3.000000
6.113917e+04,4.197938e-08,0.997303,1.698935,2488,4,3.000000
6.175057e+04,4.912219e-08,0.997230,1.700536,2487,4,3.000000
6.236807e+04,5.088782e-08,0.997219,1.701618,2487,6,3.000000
6.299177e+04,4.513844e-08,0.997282,1.704207,2487,4,3.000000
6.362167e+04,4.195688e-08,0.997269,1.704334,2487,0,3.000000
6.425790e+04,4.203109e-08,0.997315,1.704242,2486,0,3.000000
6.490047e+04,4.569414e-08,0.997251,1.706226,2486,4,3.000000
6.554947e+04,4.572476e-08,0.997291,1.703174,2486,6,3.000000
6.620497e+04,4.563340e-08,0.997255,1.702523,2486,6,3.000000
6.686703e+04,4.667094e-08,0.997242,1.703807,2486,0,3.000000
6.753570e+04,4.504440e-08,0.997283,1.701938,2486,4,3.000000
6.821103e+04,4.100866e-08,0.997265,1.702287,2486,5,3.000000
6.889317e+04,3.608262e-08,0.997281,1.703212,2486,0,3.000000
6.958210e+04,3.761023e-08,0.997229,1.705164,2486,4,3.000000
7.027790e+04,2.976887e-08,0.997236,1.701959,2486,4,3.000000
7.098070e+04,2.745539e-08,0.997215,1.703388,2486,4,3.000000
7.169050e+04,2.367040e-08,0.997252,1.703962,2486,0,3.000000
7.240740e+04,2.098504e-08,0.997243,1.707452,2486,5,3.000000
7.313147e+04,1.931290e-08,0.997217,1.707201,2486,4,3.000000
7.386280e+04,1.946638e-08,0.997266,1.708384,2486,4,3.000000
7.460140e+04,1.571477e-08,0.997247,1.707763,2483,0,3.000000
7.534743e+04,1.569890e-08,0.997285,1.707860,2483,5,3.000000
7.610090e+04,1.803477e-08,0.997268,1.703641,2483,0,3.000000
7.686190e+04,1.765665e-08,0.997296,1.705257,2483,0,3.000000
7.763053e+04,1.766629e-08,0.997235,1.703168,2483,6,3.000000
7.840683e+04,1.394698e-08,0.997215,1.703274,2483,0,3.000000
7.919090e+04,1.151227e-08,0.997278,1.705852,2483,6,3.000000
7.998280e+04,1.726572e-08,0.997244,1.704462,2483,5,3.000000
8.078263e+04,1.608218e-08,0.997232,1.703508,2483,5,3.000000
8.159047e+04,1.561469e-08,0.997244,1.701097,2483,0,3.000000
8.240637e+04,9.560621e-09,0.997289,1.703619,2483,0,3.000000
8.323043e+04,1.505953e-08,0.997313,1.702027,2483,4,3.000000
8.406273e+04,1.249530e-08,0.997289,1.702135,2483,0,3.000000
8.490337e+04,8.955150e-09,0.997212,1.701451,2483,4,3.000000
8.575240e+04,1.262405e-08,0.997248,1.700405,2483,5,3.000000
8.660993e+04,1.248899e-08,0.997244,1.697885,2483,0,3.000000
8.747603e+04,8.352439e-09,0.997280,1.699353,2483,0,3.000000
8.835080e+04,2.725905e-09,0.997204,1.696313,2483,0,3.000000
8.923430e+04,2.118222e-09,0.997205,1.698797,2481,4,3.000000
9.012663e+04,4.922930e-09,0.997188,1.701629,2481,5,3.000000
9.102790e+04,7.722573e-10,0.997191,1.701443,2481,0,3.000000
9.193817e+04,1.837276e-09,0.997221,1.699977,2481,4,3.000000
9.285757e+04,5.533676e-09,0.997176,1.703028,2480,0,3.000000
9.378613e+04,1.111105e-08,0.997242,1.704721,2480,0,3.000000
9.472400e+04,8.417784e-09,0.997174,1.706267,2480,5,3.000000
9.567123e+04,3.985403e-09,0.997178,1.708083,2480,0,3.000000
9.662793e+04,2.005726e-09,0.997177,1.708192,2480,4,3.000000
9.759423e+04,8.312967e-09,0.997144,1.707545,2480,0,3.000000
9.857017e+04,2.506952e-09,0.997157,1.707026,2480,4,3.000000
9.955587e+04,3.447963e-09,0.997193,1.709126,2480,0,3.000000
1.005514e+05,9.799887e-09,0.997163,1.708709,2480,6,3.000000
1.015569e+05,1.116128e-08,0.997166,1.706481,2480,0,3.000000
1.025725e+05,6.289012e-09,0.997116,1.707830,2480,5,3.000000
1.035982e+05,1.264925e-09,0.997112,1.706344,2480,0,3.000000
1.046342e+05,8.431488e-09,0.997128,1.711850,2480,4,3.000000
1.056806e+05,1.768959e-08,0.997175,1.712574,2480,5,3.000000
1.067374e+05,2.190095e-08,0.997175,1.710882,2480,4,3.000000
1.078047e+05,1.990360e-08,0.997161,1.711508,2480,0,3.000000
1.088828e+05,1.166546e-08,0.997135,1.713481,2480,4,3.000000
1.099716e+05,2.098526e-08,0.997071,1.713572,2480,0,3.000000
1.110713e+05,2.117545e-08,0.997047,1.717121,2480,0,3.000000
1.121820e+05,1.995856e-08,0.997121,1.717877,2480,4,3.000000
1.133039e+05,2.642159e-08,0.997057,1.721556,2480,4,3.000000
1.144369e+05,3.068504e-08,0.997084,1.722906,2480,5,3.000000
1.155813e+05,3.421631e-08,0.997068,1.726661,2480,4,3.000000
1.167371e+05,3.027660e-08,0.997075,1.727655,2479,0,3.000000
1.179045e+05,3.466652e-08,0.997031,1.731772,2478,0,3.000000
1.190835e+05,2.950153e-08,0.997025,1.733248,2477,4,3.000000
1.202743e+05,2.038596e-08,0.997003,1.736720,2476,4,3.000000
1.214771e+05,7.458676e-09,0.997034,1.738171,2476,5,3.000000
1.226919e+05,7.449368e-09,0.997020,1.734432,2476,4,3.000000
1.239188e+05,7.105045e-09,0.997030,1.733661,2476,5,3.000000
1.251580e+05,1.423099e-09,0.997014,1.733605,2476,7,3.000000
1.264095e+05,8.910699e-09,0.996983,1.735960,2475,0,3.000000
1.276736e+05,1.171135e-08,0.996944,1.731212,2475,4,3.000000
1.289504e+05,1.093568e-08,0.996994,1.736118,2475,4,3.000000
1.302399e+05,8.932908e-09,0.996926,1.736226,2475,4,3.000000
1.315423e+05,1.298651e-08,0.996938,1.736988,2475,5,3.000000
1.328577e+05,1.332438e-08,0.996914,1.733965,2474,0,3.000000
1.341863e+05,5.157873e-09,0.996918,1.733312,2474,0,3.000000
1.355281e+05,6.198124e-09,0.996929,1.734945,2474,4,3.000000
1.368834e+05,1.197982e-08,0.996956,1.735867,2474,0,3.000000
1.382522e+05,1.803024e-08,0.996959,1.735025,2474,4,3.000000
1.396348e+05,2.380189e-08,0.996951,1.736453,2472,4,3.000000
1.410311e+05,1.789499e-08,0.996956,1.737180,2472,4,3.000000
1.424414e+05,1.160506e-08,0.996916,1.737165,2472,0,3.000000
1.438658e+05,6.569013e-09,0.996891,1.738106,2472,0,3.000000
1.453045e+05,8.929996e-09,0.996940,1.739723,2472,0,3.000000
1.467575e+05,3.793974e-09,0.996847,1.738116,2472,0,3.000000
1.482251e+05,9.713462e-09,0.996830,1.737049,2472,4,3.000000
1.497074e+05,4.296514e-09,0.996853,1.741740,2472,0,3.000000
1.512044e+05,3.368995e-09,0.996820,1.741009,2471,4,3.000000
1.527165e+05,3.670365e-09,0.996840,1.742417,2471,6,3.000000
1.542437e+05,2.631776e-09,0.996942,1.741957,2471,0,3.000000
1.557861e+05,1.053048e-08,0.996969,1.744558,2471,0,3.000000
1.573440e+05,1.110176e-08,0.996915,1.750311,2471,0,3.000000
1.589174e+05,1.804475e-09,0.996892,1.752974,2471,5,3.000000
1.605066e+05,4.823379e-09,0.996910,1.752462,2471,0,3.000000
1.621116e+05,5.242254e-09,0.996901,1.752121,2470,6,3.000000
1.637327e+05,4.266289e-09,0.996868,1.752194,2470,5,3.000000
1.653701e+05,4.422594e-09,0.996781,1.751956,2470,5,3.000000
1.670238e+05,6.611400e-10,0.996811,1.750363,2470,4,3.000000
1.686940e+05,5.834807e-09,0.996759,1.752643,2470,0,3.000000
1.703810e+05,7.168190e-09,0.996802,1.754235,2470,6,3.000000
1.720848e+05,2.267596e-09,0.996741,1.754070,2469,4,3.000000
1.738056e+05,7.484900e-09,0.996852,1.757290,2469,0,3.000000
1.755437e+05,6.270879e-10,0.996827,1.758926,2469,4,3.000000
1.772991e+05,3.751556e-09,0.996815,1.757417,2468,4,3.000000
1.790721e+05,2.067738e-10,0.996774,1.755136,2468,6,3.000000
1.808628e+05,4.228248e-09,0.996727,1.753948,2467,4,3.000000
1.826714e+05,8.180318e-09,0.996739,1.753127,2466,4,3.000000
1.844982e+05,4.989996e-09,0.996735,1.752310,2466,0,3.000000
1.863431e+05,7.335482e-09,0.996641,1.756382,2465,4,3.000000
1.882066e+05,6.410590e-09,0.996714,1.754497,2465,4,3.000000
1.900886e+05,1.381678e-08,0.996711,1.753429,2464,5,3.000000
1.919895e+05,1.176546e-08,0.996654,1.751195,2464,5,3.000000
1.939094e+05,7.699380e-10,0.996607,1.749717,2464,0,3.000000
1.958485e+05,7.795541e-09,0.996628,1.750257,2464,4,3.000000
1.978070e+05,8.192395e-09,0.996572,1.749554,2463,0,3.000000
