1.000000e-01,1.150859e-12,0,0.000000e+00,4,0,0
1.010000e-01,1.172202e-12,0,0.000000e+00,4,0,0
1.030000e-01,1.212857e-12,0,0.000000e+00,4,0,0
1.040000e-01,1.234878e-12,0,0.000000e+00,4,0,0
1.050000e-01,1.256221e-12,0,0.000000e+00,4,0,0
1.060000e-01,1.276549e-12,0,0.000000e+00,4,0,0
1.070000e-01,1.298908e-12,0,0.000000e+00,4,0,0
1.080000e-01,1.319574e-12,0,0.000000e+00,4,0,0
1.090000e-01,1.341934e-12,0,0.000000e+00,4,0,0
1.100000e-01,1.363278e-12,0,0.000000e+00,4,0,0
1.110000e-01,1.385638e-12,0,0.000000e+00,4,0,0
1.120000e-01,1.407320e-12,0,0.000000e+00,4,0,0
1.130000e-01,1.427986e-12,0,0.000000e+00,4,0,0
1.140000e-01,1.450346e-12,0,0.000000e+00,4,0,0
1.150000e-01,1.473045e-12,0,0.000000e+00,4,0,0
1.170000e-01,1.517765e-12,0,0.000000e+00,4,0,0
1.180000e-01,1.539786e-12,0,0.000000e+00,4,0,0
1.190000e-01,1.561807e-12,0,0.000000e+00,4,0,0
1.200000e-01,1.584844e-12,0,0.000000e+00,4,0,0
1.210000e-01,1.607204e-12,0,0.000000e+00,4,0,0
1.230000e-01,1.652602e-12,0,0.000000e+00,4,0,0
1.240000e-01,1.674962e-12,0,0.000000e+00,4,0,0
1.250000e-01,1.699016e-12,0,0.000000e+00,4,0,0
1.260000e-01,1.721376e-12,0,0.000000e+00,4,0,0
1.270000e-01,1.745091e-12,0,0.000000e+00,4,0,0
1.290000e-01,1.791843e-12,0,0.000000e+00,4,0,0
1.300000e-01,1.815219e-12,0,0.000000e+00,4,0,0
1.310000e-01,1.837579e-12,0,0.000000e+00,4,0,0
1.330000e-01,1.885348e-12,0,0.000000e+00,4,0,0
1.340000e-01,1.908386e-12,0,0.000000e+00,4,0,0
1.350000e-01,1.932778e-12,0,0.000000e+00,4,0,0
1.370000e-01,1.980209e-12,0,0.000000e+00,4,0,0
1.380000e-01,2.004262e-12,0,0.000000e+00,4,0,0
1.390000e-01,2.027300e-12,0,0.000000e+00,4,0,0
1.410000e-01,2.074730e-12,0,0.000000e+00,4,0,0
1.420000e-01,2.098445e-12,0,0.000000e+00,4,0,0
1.440000e-01,2.146214e-12,0,0.000000e+00,4,0,0
1.450000e-01,2.170268e-12,0,0.000000e+00,4,0,0
1.460000e-01,2.193983e-12,0,0.000000e+00,4,0,0
1.480000e-01,2.242091e-12,0,0.000000e+00,4,0,0
1.490000e-01,2.266145e-12,0,0.000000e+00,4,0,0
1.510000e-01,2.314591e-12,0,0.000000e+00,4,0,0
1.520000e-01,2.338306e-12,0,0.000000e+00,4,0,0
1.540000e-01,2.386075e-12,0,0.000000e+00,4,0,0
1.550000e-01,2.410468e-12,0,0.000000e+00,4,0,0
1.570000e-01,2.459592e-12,0,0.000000e+00,4,0,0
1.590000e-01,2.507700e-12,0,0.000000e+00,4,0,0
1.600000e-01,2.531415e-12,0,0.000000e+00,4,0,0
1.620000e-01,2.579522e-12,0,0.000000e+00,4,0,0
1.630000e-01,2.603237e-12,0,0.000000e+00,4,0,0
1.650000e-01,2.651345e-12,0,0.000000e+00,4,0,0
1.670000e-01,2.698437e-12,0,0.000000e+00,4,0,0
1.680000e-01,2.722829e-12,0,0.000000e+00,4,0,0
1.700000e-01,2.770598e-12,0,0.000000e+00,4,0,0
1.720000e-01,2.818028e-12,0,0.000000e+00,4,0,0
1.730000e-01,2.842082e-12,0,0.000000e+00,4,0,0
1.750000e-01,2.889512e-12,0,0.000000e+00,4,0,0
1.770000e-01,2.936942e-12,0,0.000000e+00,4,0,0
1.790000e-01,2.984373e-12,0,0.000000e+00,4,0,0
1.800000e-01,3.008088e-12,0,0.000000e+00,4,0,0
1.820000e-01,3.054840e-12,0,0.000000e+00,4,0,0
1.840000e-01,3.101932e-12,0,0.000000e+00,4,0,0
1.860000e-01,3.148684e-12,0,0.000000e+00,4,0,0
1.880000e-01,3.196114e-12,0,0.000000e+00,4,0,0
1.900000e-01,3.242528e-12,0,0.000000e+00,4,0,0
1.910000e-01,3.264888e-12,0,0.000000e+00,4,0,0
1.930000e-01,3.310963e-12,0,0.000000e+00,4,0,0
1.950000e-01,3.356360e-12,0,0.000000e+00,4,0,0
1.970000e-01,3.402097e-12,0,0.000000e+00,4,0,0
1.990000e-01,3.447155e-12,0,0.000000e+00,4,0,0
2.010000e-01,3.493569e-12,0,0.000000e+00,4,0,0
2.030000e-01,3.537950e-12,0,0.000000e+00,4,0,0
2.050000e-01,3.582670e-12,0,0.000000e+00,4,0,0
2.070000e-01,3.626035e-12,0,0.000000e+00,4,0,0
2.090000e-01,3.670077e-12,0,0.000000e+00,4,0,0
2.110000e-01,3.713442e-12,0,0.000000e+00,4,0,0
2.140000e-01,3.779166e-12,0,0.000000e+00,4,0,0
2.160000e-01,3.822192e-12,0,0.000000e+00,4,0,0
2.180000e-01,3.864541e-12,0,0.000000e+00,4,0,0
2.200000e-01,3.906211e-12,0,0.000000e+00,4,0,0
2.220000e-01,3.948221e-12,0,0.000000e+00,4,0,0
2.240000e-01,3.989214e-12,0,0.000000e+00,4,0,0
2.270000e-01,4.050873e-12,0,0.000000e+00,4,0,0
2.290000e-01,4.090511e-12,0,0.000000e+00,4,0,0
2.310000e-01,4.131166e-12,0,0.000000e+00,4,0,0
2.330000e-01,4.170465e-12,0,0.000000e+00,4,0,0
2.360000e-01,4.228398e-12,0,0.000000e+00,4,0,0
2.380000e-01,4.266681e-12,0,0.000000e+00,4,0,0
2.410000e-01,4.323597e-12,0,0.000000e+00,4,0,0
2.430000e-01,4.361541e-12,0,0.000000e+00,4,0,0
2.450000e-01,4.398807e-12,0,0.000000e+00,4,0,0
2.480000e-01,4.452336e-12,0,0.000000e+00,4,0,0
2.500000e-01,4.488247e-12,0,0.000000e+00,4,0,0
2.530000e-01,4.541775e-12,0,0.000000e+00,4,0,0
2.550000e-01,4.576670e-12,0,0.000000e+00,4,0,0
2.580000e-01,4.627150e-12,0,0.000000e+00,4,0,0
2.600000e-01,4.661028e-12,0,0.000000e+00,4,0,0
2.630000e-01,4.709814e-12,0,0.000000e+00,4,0,0
2.660000e-01,4.759276e-12,0,0.000000e+00,4,0,0
2.680000e-01,4.791461e-12,0,0.000000e+00,4,0,0
2.710000e-01,4.837536e-12,0,0.000000e+00,4,0,0
2.740000e-01,4.883950e-12,0,0.000000e+00,4,0,0
2.760000e-01,4.914102e-12,0,0.000000e+00,4,0,0
2.790000e-01,4.958822e-12,0,0.000000e+00,4,0,0
2.820000e-01,5.001170e-12,0,0.000000e+00,4,0,0
2.850000e-01,5.043180e-12,0,0.000000e+00,4,0,0
2.880000e-01,5.083157e-12,0,0.000000e+00,4,0,0
2.900000e-01,5.109921e-12,0,0.000000e+00,4,0,0
2.930000e-01,5.147865e-12,0,0.000000e+00,4,0,0
2.960000e-01,5.185809e-12,0,0.000000e+00,4,0,0
2.990000e-01,5.224092e-12,0,0.000000e+00,4,0,0
3.020000e-01,5.258987e-12,0,0.000000e+00,4,0,0
3.050000e-01,5.293882e-12,0,0.000000e+00,4,0,0
3.080000e-01,5.328099e-12,0,0.000000e+00,4,0,0
3.110000e-01,5.361301e-12,0,0.000000e+00,4,0,0
3.150000e-01,5.402971e-12,0,0.000000e+00,4,0,0
3.180000e-01,5.433801e-12,0,0.000000e+00,4,0,0
3.210000e-01,5.462598e-12,0,0.000000e+00,4,0,0
3.240000e-01,5.491395e-12,0,0.000000e+00,4,0,0
3.270000e-01,5.518498e-12,0,0.000000e+00,4,0,0
3.310000e-01,5.554070e-12,0,0.000000e+00,4,0,0
3.340000e-01,5.578802e-12,0,0.000000e+00,4,0,0
3.370000e-01,5.603872e-12,0,0.000000e+00,4,0,0
3.410000e-01,5.635379e-12,0,0.000000e+00,4,0,0
3.440000e-01,5.658078e-12,0,0.000000e+00,4,0,0
3.470000e-01,5.678744e-12,0,0.000000e+00,4,0,0
3.510000e-01,5.705508e-12,0,0.000000e+00,4,0,0
3.540000e-01,5.723802e-12,0,0.000000e+00,4,0,0
3.580000e-01,5.747856e-12,0,0.000000e+00,4,0,0
3.610000e-01,5.765473e-12,0,0.000000e+00,4,0,0
3.650000e-01,5.787156e-12,0,0.000000e+00,4,0,0
3.690000e-01,5.807483e-12,0,0.000000e+00,4,0,0
3.720000e-01,5.821712e-12,0,0.000000e+00,4,0,0
3.760000e-01,5.839667e-12,0,0.000000e+00,4,0,0
3.800000e-01,5.856268e-12,0,0.000000e+00,4,0,0
3.840000e-01,5.871852e-12,0,0.000000e+00,4,0,0
3.870000e-01,5.883032e-12,0,0.000000e+00,4,0,0
3.910000e-01,5.894890e-12,0,0.000000e+00,4,0,0
3.950000e-01,5.907764e-12,0,0.000000e+00,4,0,0
3.990000e-01,5.918266e-12,0,0.000000e+00,4,0,0
4.030000e-01,5.927413e-12,0,0.000000e+00,4,0,0
4.070000e-01,5.936899e-12,0,0.000000e+00,4,0,0
4.110000e-01,5.944353e-12,0,0.000000e+00,4,0,0
4.150000e-01,5.950112e-12,0,0.000000e+00,4,0,0
4.200000e-01,5.955871e-12,0,0.000000e+00,4,0,0
4.240000e-01,5.959259e-12,0,0.000000e+00,4,0,0
4.280000e-01,5.962308e-12,0,0.000000e+00,4,0,0
4.320000e-01,5.962986e-12,0,0.000000e+00,4,0,0
4.370000e-01,5.964341e-12,0,0.000000e+00,4,0,0
4.410000e-01,5.964002e-12,0,0.000000e+00,4,0,0
4.450000e-01,5.963325e-12,0,0.000000e+00,4,0,0
4.500000e-01,5.961292e-12,0,0.000000e+00,4,0,0
4.540000e-01,5.957565e-12,0,0.000000e+00,4,0,0
4.590000e-01,5.953500e-12,0,0.000000e+00,4,0,0
4.630000e-01,5.950790e-12,0,0.000000e+00,4,0,0
4.680000e-01,5.944691e-12,0,0.000000e+00,4,0,0
4.730000e-01,5.936899e-12,0,0.000000e+00,4,0,0
4.770000e-01,5.930462e-12,0,0.000000e+00,4,0,0
4.820000e-01,5.920637e-12,0,0.000000e+00,4,0,0
4.870000e-01,5.910474e-12,0,0.000000e+00,4,0,0
4.920000e-01,5.900649e-12,0,0.000000e+00,4,0,0
4.970000e-01,5.889469e-12,0,0.000000e+00,4,0,0
5.020000e-01,5.878289e-12,0,0.000000e+00,4,0,0
5.070000e-01,5.865754e-12,0,0.000000e+00,4,0,0
5.120000e-01,5.853558e-12,0,0.000000e+00,4,0,0
5.170000e-01,5.839329e-12,0,0.000000e+00,4,0,0
5.220000e-01,5.824422e-12,0,0.000000e+00,4,0,0
5.270000e-01,5.809854e-12,0,0.000000e+00,4,0,0
5.330000e-01,5.790882e-12,0,0.000000e+00,4,0,0
5.380000e-01,5.775637e-12,0,0.000000e+00,4,0,0
5.430000e-01,5.759375e-12,0,0.000000e+00,4,0,0
5.490000e-01,5.739048e-12,0,0.000000e+00,4,0,0
5.540000e-01,5.722447e-12,0,0.000000e+00,4,0,0
5.600000e-01,5.701104e-12,0,0.000000e+00,4,0,0
5.650000e-01,5.684842e-12,0,0.000000e+00,4,0,0
5.710000e-01,5.661804e-12,0,0.000000e+00,4,0,0
5.770000e-01,5.640461e-12,0,0.000000e+00,4,0,0
5.820000e-01,5.622166e-12,0,0.000000e+00,4,0,0
5.880000e-01,5.598451e-12,0,0.000000e+00,4,0,0
5.940000e-01,5.576769e-12,0,0.000000e+00,4,0,0
6.000000e-01,5.554748e-12,0,0.000000e+00,4,0,0
6.060000e-01,5.531710e-12,0,0.000000e+00,4,0,0
6.120000e-01,5.508673e-12,0,0.000000e+00,4,0,0
6.180000e-01,5.485635e-12,0,0.000000e+00,4,0,0
6.240000e-01,5.463614e-12,0,0.000000e+00,4,0,0
6.310000e-01,5.437528e-12,0,0.000000e+00,4,0,0
6.370000e-01,5.414151e-12,0,0.000000e+00,4,0,0
6.430000e-01,5.391791e-12,0,0.000000e+00,4,0,0
6.500000e-01,5.366382e-12,0,0.000000e+00,4,0,0
6.560000e-01,5.343345e-12,0,0.000000e+00,4,0,0
6.630000e-01,5.317936e-12,0,0.000000e+00,4,0,0
6.690000e-01,5.295576e-12,0,0.000000e+00,4,0,0
6.760000e-01,5.271183e-12,0,0.000000e+00,4,0,0
6.830000e-01,5.246113e-12,0,0.000000e+00,4,0,0
6.900000e-01,5.220704e-12,0,0.000000e+00,4,0,0
6.970000e-01,5.195973e-12,0,0.000000e+00,4,0,0
7.040000e-01,5.172935e-12,0,0.000000e+00,4,0,0
7.110000e-01,5.150236e-12,0,0.000000e+00,4,0,0
7.180000e-01,5.124150e-12,0,0.000000e+00,4,0,0
7.250000e-01,5.101451e-12,0,0.000000e+00,4,0,0
7.320000e-01,5.079091e-12,0,0.000000e+00,4,0,0
7.390000e-01,5.055715e-12,0,0.000000e+00,4,0,0
7.470000e-01,5.032000e-12,0,0.000000e+00,4,0,0
7.540000e-01,5.008962e-12,0,0.000000e+00,4,0,0
7.620000e-01,4.985586e-12,0,0.000000e+00,4,0,0
7.690000e-01,4.963904e-12,0,0.000000e+00,4,0,0
7.770000e-01,4.941883e-12,0,0.000000e+00,4,0,0
7.850000e-01,4.919184e-12,0,0.000000e+00,4,0,0
7.930000e-01,4.896146e-12,0,0.000000e+00,4,0,0
8.010000e-01,4.878868e-12,0,9.997885e-06,3,0,0
8.090000e-01,4.879038e-12,0,9.997885e-06,3,0,0
8.170000e-01,4.878868e-12,0,9.997885e-06,3,0,0
8.250000e-01,4.879546e-12,0,9.997885e-06,3,0,0
8.330000e-01,4.880223e-12,0,9.997885e-06,3,0,0
8.410000e-01,4.879376e-12,0,9.997885e-06,3,0,0
8.500000e-01,4.881070e-12,0,9.997885e-06,3,0,0
8.580000e-01,4.880562e-12,0,9.997885e-06,3,0,0
8.670000e-01,4.881070e-12,0,9.997885e-06,3,0,0
8.760000e-01,4.881409e-12,0,9.997885e-06,3,0,0
8.840000e-01,4.881409e-12,0,9.997885e-06,3,0,0
8.930000e-01,4.880393e-12,0,9.997885e-06,3,0,0
9.020000e-01,4.881578e-12,0,9.997885e-06,3,0,0
9.110000e-01,4.881917e-12,0,9.997885e-06,3,0,0
9.200000e-01,4.883103e-12,0,9.997885e-06,3,0,0
9.290000e-01,4.883272e-12,0,9.997885e-06,3,0,0
9.390000e-01,4.882595e-12,0,9.997885e-06,3,0,0
9.480000e-01,4.882256e-12,0,9.997885e-06,3,0,0
9.580000e-01,4.882087e-12,0,9.997885e-06,3,0,0
9.670000e-01,4.881917e-12,0,9.997885e-06,3,0,0
9.770000e-01,4.882425e-12,0,9.997885e-06,3,0,0
9.870000e-01,4.881748e-12,0,9.997885e-06,3,0,0
9.960000e-01,4.881748e-12,0,9.997885e-06,3,0,0
1.006000e+00,4.881409e-12,0,9.997885e-06,3,0,0
1.016000e+00,4.882595e-12,0,9.997885e-06,3,0,0
1.027000e+00,4.882256e-12,0,9.997885e-06,3,0,0
1.037000e+00,4.883781e-12,0,9.997885e-06,3,0,0
1.047000e+00,4.883950e-12,0,9.997885e-06,3,0,0
1.058000e+00,4.885475e-12,0,9.997885e-06,3,0,0
1.068000e+00,4.887846e-12,0,9.997885e-06,3,0,0
1.079000e+00,4.888524e-12,0,9.997885e-06,3,0,0
1.090000e+00,4.887677e-12,0,9.997885e-06,3,0,0
1.101000e+00,4.889032e-12,0,9.997885e-06,3,0,0
1.112000e+00,4.888693e-12,0,9.997885e-06,3,0,0
1.123000e+00,4.887677e-12,0,9.997885e-06,3,0,0
1.134000e+00,4.887846e-12,0,9.997885e-06,3,0,0
1.145000e+00,4.887338e-12,0,9.997885e-06,3,0,0
1.157000e+00,4.888524e-12,0,9.997885e-06,3,0,0
1.168000e+00,4.888693e-12,0,9.997885e-06,3,0,0
1.180000e+00,4.890218e-12,0,9.997885e-06,3,0,0
1.192000e+00,4.890895e-12,0,9.997885e-06,3,0,0
1.204000e+00,4.890556e-12,0,9.997885e-06,3,0,0
1.216000e+00,4.890048e-12,0,9.997885e-06,3,0,0
1.228000e+00,4.889709e-12,0,9.997885e-06,3,0,0
1.240000e+00,4.889879e-12,0,9.997885e-06,3,0,0
1.253000e+00,4.890218e-12,0,9.997885e-06,3,0,0
1.265000e+00,4.890218e-12,0,9.997885e-06,3,0,0
1.278000e+00,4.890048e-12,0,9.997885e-06,3,0,0
1.291000e+00,4.890048e-12,0,9.997885e-06,3,0,0
1.303000e+00,4.889371e-12,0,9.997885e-06,3,0,0
1.316000e+00,4.889032e-12,0,9.997885e-06,3,0,0
1.330000e+00,4.888862e-12,0,9.997885e-06,3,0,0
1.343000e+00,4.887507e-12,0,9.997885e-06,3,0,0
1.356000e+00,4.887846e-12,0,9.997885e-06,3,0,0
1.370000e+00,4.888354e-12,0,9.997885e-06,3,0,0
1.384000e+00,4.889371e-12,0,9.997885e-06,3,0,0
1.397000e+00,4.888862e-12,0,9.997885e-06,3,0,0
1.411000e+00,4.887846e-12,0,9.997885e-06,3,0,0
1.425000e+00,4.888015e-12,0,9.997885e-06,3,0,0
1.440000e+00,4.887846e-12,0,9.997885e-06,3,0,0
1.454000e+00,4.887338e-12,0,9.997885e-06,3,0,0
1.469000e+00,4.886152e-12,0,9.997885e-06,3,0,0
1.483000e+00,4.885305e-12,0,9.997885e-06,3,0,0
1.498000e+00,4.885983e-12,0,9.997885e-06,3,0,0
1.513000e+00,4.885644e-12,0,9.997885e-06,3,0,0
1.528000e+00,4.886491e-12,0,9.997885e-06,3,0,0
1.544000e+00,4.888015e-12,0,9.997885e-06,3,0,0
1.559000e+00,4.887338e-12,0,9.997885e-06,3,0,0
1.575000e+00,4.888524e-12,0,9.997885e-06,3,0,0
1.590000e+00,4.887677e-12,0,9.997885e-06,3,0,0
1.606000e+00,4.888862e-12,0,9.997885e-06,3,0,0
1.622000e+00,4.887846e-12,0,9.997885e-06,3,0,0
1.638000e+00,4.888693e-12,0,9.997885e-06,3,0,0
1.655000e+00,4.889540e-12,0,9.997885e-06,3,0,0
1.671000e+00,4.889371e-12,0,9.997885e-06,3,0,0
1.688000e+00,4.888862e-12,0,9.997885e-06,3,0,0
1.705000e+00,4.889201e-12,0,9.997885e-06,3,0,0
1.722000e+00,4.888015e-12,0,9.997885e-06,3,0,0
1.739000e+00,4.890048e-12,0,9.997885e-06,3,0,0
1.757000e+00,4.888862e-12,0,9.997885e-06,3,0,0
1.774000e+00,4.889709e-12,0,9.997885e-06,3,0,0
1.792000e+00,4.889540e-12,0,9.997885e-06,3,0,0
1.810000e+00,4.889032e-12,0,9.997885e-06,3,0,0
1.828000e+00,4.888015e-12,0,9.997885e-06,3,0,0
1.846000e+00,4.888524e-12,0,9.997885e-06,3,0,0
1.865000e+00,4.889032e-12,0,9.997885e-06,3,0,0
1.883000e+00,4.889879e-12,0,9.997885e-06,3,0,0
1.902000e+00,4.890726e-12,0,9.997885e-06,3,0,0
1.921000e+00,4.892589e-12,0,9.997885e-06,3,0,0
1.940000e+00,4.893605e-12,0,9.997885e-06,3,0,0
1.960000e+00,4.893944e-12,0,9.997885e-06,3,0,0
1.979000e+00,4.893097e-12,0,9.997885e-06,3,0,0
1.999000e+00,4.891403e-12,0,9.997885e-06,3,0,0
2.019000e+00,4.891911e-12,0,9.997885e-06,3,0,0
2.039000e+00,4.890218e-12,0,9.997885e-06,3,0,0
2.060000e+00,4.891573e-12,0,9.997885e-06,3,0,0
